0
0
90
90
90
90
90
90
90
90
0
0
90
90
90
90
90
90
90
90
90
90
90
90
90
90
90
90
90
90
90
90
90
90
90
90
90
90
90
90
90
90
90
90
90
90
90
90
90
90
90
90
90
90
90
90
90
90
90
90
90
90
90
90
90
90
90
90
90
90
90
90
90
90
90
0
90
90
90
90
90
0
0
0
90
90
0
90
90
90
0
0
90
90
90
90
90
90
90
90
90
90
90
90
90
90
0
90
90
90
90
90
90
90
90
90
90
90
90
90
90
0
0
135.01
135.01
104.038
135.01
71.5613
71.5613
90
108.439
81.8705
161.561
56.3168
33.6832
115.02
3.36583
44.9904
18.4387
175.915
88.0255
164.052
97.5939
135.01
149.04
108.439
168.023
142.771
8.12948
92.0696
92.4891
109.045
2.38547
16.3923
38.8095
11.9213
47.4276
80.0184
67.5162
46.0968
145.218
127.245
121.635
0
81.8705
98.1295
90
59.0399
66.214
42.1462
135.579
118.301
100.84
135.01
88.9586
83.0478
68.1941
0
129.645
104.038
21.0419
3.36583
24.4477
158.194
165.962
3.36583
21.8058
30.9601
78.6898
52.6
16.3923
164.052
33.6832
44.9905
60.9464
44.9905
108.439
44.9904
92.7258
125.53
53.1363
11.3102
44.9905
0
0
0
90
90
0
81.8705
135.01
80.538
101.31
40.9197
44.9905
52.5447
97.1243
66.7972
58.6755
59.0399
71.5613
38.6575
37.4
32.1904
75.9622
69.3002
53.7531
135.01
90
116.567
81.2543
93.3658
71.5613
77.4704
122.466
18.4387
104.536
115.909
108.439
66.7972
59.0399
68.1941
65.5523
0
0
7.69536
151.699
108.439
168.69
29.0536
153.433
0
59.0399
161.561
0
23.2028
41.8282
10.6197
135.01
53.1363
32.0568
162.213
141.342
173.661
44.9904
57.9997
44.9905
0
123.683
96.7091
59.6792
38.3644
132.406
71.5613
17.9314
0.61593
54.4055
29.8305
6.33939
58.8388
56.7748
88.6681
51.9151
121.66
110.204
135.01
168.69
127.871
108.439
113.203
83.1343
70.1406
100.421
89.1699
118.61
176.634
71.5613
103.572
79.9922
40.2393
127.871
113.203
106.702
18.4387
18.4387
161.561
123.683
44.9905
44.9904
6.33939
95.1936
74.3554
0
90
96.3394
90
101.31
108.439
90
59.0399
75.9622
90
75.9622
18.4387
161.561
135.01
0
0
90
90
0
171.871
174.806
78.6898
68.1941
69.7709
61.3899
44.9905
55.7915
52.9756
49.632
44.9904
63.4329
54.8732
36.8637
74.7427
57.3866
58.3971
108.439
56.3168
78.6898
14.0378
63.4329
90
66.4973
49.3944
18.4387
141.342
161.561
119.576
102.381
65.5523
23.2028
61.6992
53.1363
0
0
90
98.7457
108.439
0
90
90
56.3168
146.317
0
0
14.0378
80.538
0
105.645
73.853
63.0588
159.321
129.807
127.643
59.7462
4.39796
86.6342
135.01
105.948
80.538
75.4324
168.178
67.3758
85.3339
34.9319
1.39689
43.0224
52.4553
168.206
46.5618
52.0206
91.7896
119.374
145.821
119.467
125.155
113.203
95.1936
104.038
46.3258
69.1305
63.0326
100.601
104.174
87.8793
74.7427
101.31
135.01
68.1941
62.3532
116.567
103.628
115.02
128.658
104.038
81.8705
69.4396
5.19363
119.743
0
77.2748
71.5613
125.53
95.1936
90
98.1295
153.433
135.01
44.9904
50.711
50.711
0
113.203
116.567
135.01
108.439
44.9905
0
101.31
90
0
168.69
168.69
90
54.7898
64.117
69.0978
61.5046
62.0201
57.1009
55.3122
25.7128
42.4642
54.9336
66.7972
62.3532
55.132
78.6898
5.19363
175.602
78.6898
146.317
108.439
61.3899
79.6953
44.9905
32.4655
149.04
135.01
78.6898
82.7475
54.4696
149.04
90
90
0
0
168.69
34.2085
38.6575
44.9905
173.661
168.69
125.53
135.01
161.561
90
44.9904
96.0082
71.5613
164.743
79.0458
111.89
137.037
103.315
96.6041
78.6898
44.9905
26.5671
86.1866
35.5304
67.9277
93.8134
34.912
158.625
50.355
36.9133
10.2786
25.9918
49.8413
168.69
63.0326
75.9622
68.7719
174.29
125.752
102.23
105.236
149.04
59.0399
123.683
60.3593
49.1721
139.968
82.1473
130.123
178.568
120.254
54.1695
129.289
77.4704
73.6077
74.4736
74.8968
68.1942
57.5345
90
66.7972
101.31
135.01
93.8134
161.561
85.1017
83.158
95.1936
95.1936
83.6606
75.9622
23.2028
30.9601
142.129
110.56
144.47
15.2573
24.4477
26.5671
153.433
116.567
44.9905
0
108.439
116.567
135.01
108.439
90
36.4626
50.3312
49.2004
135.01
58.3971
61.6992
64.2872
44.9905
39.6864
37.499
44.9904
44.9904
52.9494
44.9904
120.96
168.69
21.8058
75.9622
48.1718
53.1363
67.162
66.7972
47.3769
32.4655
148
115.909
106.702
108.439
118.61
78.6898
85.602
116.567
0
0
130.606
80.538
161.561
71.5613
26.5671
149.934
125.53
158.194
11.3102
0
44.9905
65.3196
23.2028
40.9197
93.3658
150.071
152.525
40.0858
84.8064
5.35502
0
142.129
96.842
39.807
49.7607
65.2214
44.9904
72.9764
67.1736
60.853
58.3971
40.0325
64.6507
27.7349
174.346
172.93
46.9891
48.2166
144.413
14.9423
77.5147
123.683
44.9905
90
90
114.779
49.951
177.04
161.561
172.695
122.314
100.491
86.9878
92.4891
5.52673
44.9904
67.0636
67.3758
59.0399
26.5671
37.8706
44.9905
120.96
65.5523
30.9601
101.31
111.375
50.711
56.3168
90
84.8064
63.4329
44.9905
119.054
92.7258
0
59.0399
44.9905
26.5671
120.96
135.01
18.4387
0
120.96
120.96
108.439
0
0
66.5912
62.1022
29.7429
53.3321
50.5993
56.8279
108.439
59.3526
44.9905
165.962
60.378
53.3321
54.4696
144.47
44.9905
63.4329
0
24.4477
66.2465
63.4329
82.3046
44.9905
55.3122
128.287
52.1294
82.2355
168.69
105.948
98.5302
8.12948
53.1363
44.9904
0
0
65.8506
30.9601
11.3102
111.806
113.966
104.038
113.966
21.0419
163.608
9.46199
80.538
126.463
162.894
96.7091
23.2028
109.363
173.454
13.3257
63.739
21.9789
151.783
136.901
155.851
44.9905
41.7682
115.977
35.5304
52.8591
58.0281
43.4165
34.8171
125.53
52.3105
34.6393
8.61511
175.401
176.581
59.153
12.3632
169.584
42.1665
77.124
156.797
63.4329
103.104
162.132
57.6581
153.215
152.056
170.446
58.3971
69.2234
96.842
16.7022
33.6832
22.1708
42.8878
84.8064
135.01
135.01
119.054
161.561
135.01
83.6606
90
91.7354
98.1295
81.8705
18.4387
38.6575
52.1294
75.9622
81.8705
95.1936
85.6021
135.01
98.1295
90
90
90
135.01
0
0
116.567
98.1295
90
0
43.4165
52.7977
47.1521
73.6077
56.5205
48.6455
51.3425
49.7607
48.4263
44.9905
44.9904
54.6673
59.0399
108.439
90
71.5613
26.5671
14.0378
52.6
44.9905
55.9612
175.602
67.8292
102.996
93.3658
126.864
105.02
108.439
98.7457
97.2525
116.567
101.31
135.01
0
0
59.9338
90
0
0
122.899
158.194
90
81.8705
90
108.439
168.69
176.988
154.287
111.452
124.688
91.2186
138.939
178.025
83.2703
65.6488
128.613
138.702
10.8565
8.27529
93.0122
38.0849
47.8538
33.7979
35.3805
24.0481
84.8064
43.1756
44.5306
38.6575
15.41
173.199
165.315
11.2037
41.6803
140.355
8.42639
53.6224
135.01
90
104.908
170.218
63.25
146.317
154.589
177.317
21.0419
13.2997
143.98
15.4244
38.9897
21.0419
3.81339
0
63.4329
30.9601
120.96
108.439
44.9905
126.864
156.797
78.6898
83.6606
108.439
60.9464
44.9905
18.4387
44.9905
0
29.0536
73.6077
26.5671
81.8705
71.5613
0
116.567
135.01
44.9904
161.561
44.9904
101.31
135.01
40.6056
60.0206
53.1363
103.572
64.6507
61.7982
67.6155
44.9905
44.9905
19.9873
59.0399
46.3258
55.3122
108.439
90
35.5304
11.3102
96.3394
44.9904
102.265
61.6992
91.3969
67.8292
79.9922
99.462
69.4396
90
98.6151
105.645
113.633
112.114
122
66.7972
18.4387
0
0
123.683
44.9905
18.4387
135.01
90
95.1936
96.3394
26.5671
171.871
44.9904
168.69
3.36583
20.2292
118.739
164.052
6.63173
48.0044
1.57622
54.3888
85.4147
76.4909
139.57
35.6632
153.685
150.352
43.2829
52.9494
35.6481
56.3168
55.6269
38.8828
37.5049
42.1605
40.3929
18.4387
18.4387
44.9904
71.5613
135.01
161.561
23.2028
96.3394
26.5671
44.9905
132.572
179.421
38.4151
143.136
161.561
28.3008
14.0378
144.47
176.424
10.1754
27.4755
5.19363
144.47
165.962
44.9904
153.433
78.6898
135.01
135.01
59.0399
0
83.6606
90
44.9904
111.042
98.1295
44.9904
90
77.0044
44.9904
149.04
161.561
90
96.3394
71.5613
0
116.567
96.3394
90
56.3168
14.0378
78.6898
53.3321
71.2776
115.204
52.3572
56.6959
72.3465
46.2131
40.7996
24.7786
53.7531
65.6917
63.4329
161.561
135.01
105.257
116.567
26.5671
75.9622
29.0536
90
39.807
56.3168
53.1363
18.4387
90
6.33939
12.7252
37.8706
90
123.683
102.62
95.7098
44.9905
71.5613
0
0
127.871
0
18.4387
0
21.8059
90
39.807
1.4685
165.577
0
127.871
99.462
44.9905
178.025
156.797
78.6898
85.8731
49.5101
38.9443
35.9026
115.713
27.7773
51.2054
157.225
167.828
33.369
65.0276
106.702
30.2538
40.6885
37.1179
38.0849
48.4263
0
61.6992
165.962
11.3102
18.4387
71.5613
98.1295
0
90
0
78.6898
0
101.31
44.9904
150.946
149.04
78.6898
18.4387
0
0
175.602
158.958
23.2028
4.39796
6.33939
14.0378
0
161.561
44.9905
116.567
18.4387
120.96
85.9151
74.7427
98.1295
99.462
108.439
0
53.1363
145.627
126.02
63.4329
26.5671
0
81.8705
90
44.9904
26.5671
149.04
161.561
96.3394
108.439
57.345
52.7392
53.1363
36.1512
38.1874
43.8121
79.9922
63.1762
48.9394
73.1756
51.9569
57.8802
63.4329
116.567
65.5523
71.5613
44.9904
90
101.31
86.6342
86.9878
82.5693
74.0521
53.753
90
61.6992
66.7972
51.3425
12.9956
56.3168
71.5613
98.9722
102.849
96.3394
0
0
0
18.4387
13.5717
4.76287
128.658
0
43.4165
26.5671
165.783
154.437
173.368
127.4
45.9837
28.3457
166.451
135.01
49.9675
66.4813
55.2784
39.5836
136.037
159.619
33.9758
40.7155
20.2292
4.84322
6.33939
62.3532
21.9193
40.6644
38.9069
37.6428
55.9612
36.8637
20.2292
33.6832
33.6832
90
101.31
63.4329
113.203
161.561
116.567
0
71.5613
0
98.1295
101.31
44.9905
35.5304
90
0
135.01
65.5523
18.4387
10.3048
17.4505
165.962
163.298
174.806
0
161.561
174.806
14.0378
116.567
68.9581
70.4592
37.8706
135.01
53.1363
84.8064
108.439
98.1295
66.7972
90
71.5613
75.9622
153.433
44.9905
44.9905
90
26.5671
146.317
53.1363
90
18.4387
61.3899
59.0399
95.8255
59.6596
38.0431
33.6832
60.6809
64.1309
40.9197
43.0672
40.8201
41.6411
44.9904
0
84.8064
104.038
0
71.5613
96.3394
114.448
59.7462
116.567
67.2447
52.1294
100.008
82.8757
74.7427
73.6077
29.0536
11.3102
63.4329
112.072
106.392
94.0849
161.561
0
0
34.2085
172.529
120.696
41.1922
73.2978
56.8401
26.2765
156.885
151.699
122
15.0706
43.3331
28.1509
160.141
139.318
162.273
70.342
63.1143
28.2175
119.677
85.9151
129.289
122.587
85.2371
93.0122
57.4558
25.1894
23.9664
42.6812
39.5602
18.4387
39.807
56.3168
161.561
44.9905
71.5613
44.9904
75.9622
135.01
90
135.01
116.567
0
78.6898
0
90
108.439
98.1295
0
37.8706
144.47
108.439
104.038
73.6077
42.1462
18.4387
108.439
79.9922
29.0536
173.661
0
135.01
135.01
120.96
71.5613
71.5613
11.3102
158.194
24.4477
33.6832
59.0399
135.01
32.0003
59.0399
44.9905
66.7972
135.01
135.01
18.4387
78.6898
149.04
71.5613
44.9904
35.5304
49.3944
60.4239
67.7466
73.0214
79.9026
131.192
46.8391
66.9444
26.5671
61.3365
43.5749
40.6056
0
11.3102
116.567
104.038
146.317
171.871
143.136
51.3425
140.711
101.31
50.4398
37.4
135.01
69.7708
69.7708
51.3425
71.5613
54.4696
123.683
71.5613
115.349
99.5826
94.969
135.01
0
0
40.3291
145.23
109.777
170.218
46.6767
61.0451
38.0689
151.39
121.647
98.5831
63.8836
56.8631
36.6496
156.293
145.119
155.665
47.2367
86.9878
162.821
151.699
134.391
11.3102
121.119
100.359
30.9601
62.1275
43.3476
28.3008
48.607
44.9904
135.01
90
168.69
173.661
161.561
71.5613
44.9905
44.9905
44.9904
116.567
108.439
116.567
135.01
108.439
0
81.8705
63.4329
120.96
44.9905
177.71
145.627
161.561
149.04
115.563
143.537
3.81339
35.1268
41.9956
12.9956
161.561
165.962
153.433
149.04
90
85.2371
86.6342
0
11.3102
23.2028
135.01
65.5523
111.806
68.1942
123.683
44.9905
0
44.9904
44.9904
33.6832
153.433
44.9905
135.01
161.561
59.0399
56.6959
47.4105
74.7427
63.4329
66.4973
53.753
48.5694
78.6898
41.5737
55.132
52.1294
6.33939
14.0378
153.433
90
71.5613
44.9904
71.5613
0
108.439
51.7132
59.0399
76.7583
171.871
80.538
68.9581
87.2742
64.9798
56.3168
63.4329
116.567
90
83.6606
95.3314
97.0005
44.9905
0
0
51.9012
127.073
139.054
1.35718
22.7072
51.3866
54.8732
66.9342
67.7921
72.0273
82.906
82.4976
37.8706
12.7252
153.776
156.172
20.6633
18.1492
159.771
98.7457
149.353
148.084
0
128.173
138.461
109.483
111.013
108.125
93.0122
0
116.567
11.3102
149.04
54.4696
44.9905
156.797
44.9904
161.561
0
44.9905
0
116.567
90
0
0
44.9904
32.4655
12.2654
73.1987
1.33194
101.514
83.6606
0
144.47
171.871
178.153
23.2028
44.9904
44.9905
44.9905
18.4387
63.4329
71.5613
90
94.7629
95.1936
0
90
18.4387
83.6606
100.008
82.8757
90
77.4704
59.0399
78.6898
44.9904
71.5613
0
0
0
135.01
101.31
68.7451
70.7653
34.6878
55.5808
49.9675
135.01
44.9905
55.3122
44.9904
51.8465
52.4364
113.203
90
135.01
90
90
81.8705
18.4387
44.9904
78.6898
78.6898
71.5613
53.753
68.6249
44.9904
77.7346
44.9904
86.9878
90
81.8705
90
98.1295
66.7972
33.6832
98.9722
103.242
68.9581
0
0
48.7453
137.761
156.889
1.84723
13.783
34.6168
59.4239
55.4727
49.2004
133.034
82.8757
82.2888
54.4696
16.9306
14.5362
173.368
39.5602
19.0006
148.06
8.47058
102.265
133.034
107.942
169.641
129.401
92.6749
102.469
95.2495
29.0536
153.433
77.4704
0
116.567
153.433
18.4387
44.9904
68.1942
135.01
135.01
18.4387
90
116.567
90
44.9904
0
18.4387
81.2543
21.8059
119.196
1.8878
57.9432
15.2573
135.01
44.9905
108.439
135.01
135.01
0
71.5613
90
44.9905
59.0399
59.0399
90
94.7629
93.5757
0
86.1866
11.3102
101.31
128.657
44.9904
90
71.5613
26.5671
26.5671
135.01
135.01
26.5671
116.567
101.31
90
36.0203
48.5694
62.1979
54.7598
53.1363
0
43.8818
24.4477
64.2872
42.6717
47.2816
120.96
44.9905
135.01
0
135.01
126.864
120.96
101.31
71.5613
90
99.462
135.01
72.8941
90
27.8978
48.3589
32.4655
52.1294
112.385
146.317
128.658
44.9905
90
0
118.073
110.229
103.572
0
0
30.9601
71.5613
84.2902
44.9905
52.1294
15.9479
94.3153
92.2902
98.6151
62.2917
61.8914
57.2483
47.7175
39.5602
20.2292
6.0082
35.5304
82.2355
140.907
167.799
172.776
86.9878
72.4042
56.5205
152.463
0.538696
48.4529
72.4364
120.96
108.439
116.567
161.561
44.9905
0
54.4696
18.4387
116.567
23.2028
44.9905
0
78.6898
108.439
108.439
135.01
0
161.561
98.7457
126.864
150.257
19.658
67.9277
108.439
90
0
71.5613
44.9905
44.9905
135.01
135.01
135.01
135.01
98.1295
108.439
90
76.4283
74.0521
135.01
93.3658
161.561
86.1866
44.9904
60.9464
26.5671
111.806
135.01
18.4387
101.31
26.5671
0
44.9904
0
44.9905
55.5889
44.1477
70.9704
55.0154
64.4371
50.8271
50.8271
74.0521
63.7757
57.5345
0
0
26.5671
116.567
90
90
101.31
99.462
90
44.9904
149.04
12.9956
59.0399
81.0278
53.1363
62.3532
28.3008
44.9904
44.9904
75.9622
90
101.31
0
74.7427
44.9904
101.31
96.1694
105.711
0
0
96.3394
93.3658
135.01
36.247
57.1009
14.0378
137.902
137.717
161.698
35.0664
53.1363
40.4297
30.9601
41.5391
23.6335
175.602
8.74565
56.3168
23.5027
9.92604
174.899
132.43
119.304
120.753
132.464
21.6489
52.062
57.5345
59.0399
59.0399
90
59.0399
161.561
18.4387
98.1295
90
168.69
108.439
44.9905
135.01
135.01
26.5671
78.6898
135.01
0
153.433
86.6342
126.864
29.7429
26.5671
90
108.439
108.439
44.9905
153.433
44.9905
44.9905
135.01
0
44.9905
90
90
90
135.01
78.1108
64.4371
158.194
65.5523
44.9904
66.7972
74.7427
44.9904
18.4387
23.2028
108.439
11.3102
50.193
156.797
63.4329
108.439
120.96
70.1406
71.8369
42.8878
53.049
36.1124
48.8078
43.2458
124.688
56.5205
53.5374
83.6606
5.19363
0
9.46199
173.661
44.9904
158.194
23.2028
71.5613
108.439
21.8059
135.01
44.9905
50.711
171.871
96.3394
85.9151
44.9904
161.561
44.9904
71.5613
74.7427
66.7972
135.01
83.6606
36.8637
24.4477
47.1936
62.9676
0
0
142.129
139.08
176.988
30.0662
33.6832
16.7022
13.2417
156.246
170.538
24.3975
51.3425
51.0103
47.4805
52.8591
15.2573
145.312
40.6056
63.4329
55.1829
39.1729
174.988
130.653
153.433
153.003
167.808
153.433
118.434
96.3394
44.9904
149.04
59.0399
71.5613
44.9905
18.4387
135.01
116.567
135.01
113.203
161.561
11.3102
11.3102
23.2028
0
135.01
18.4387
153.433
104.038
4.39796
32.8991
171.871
35.5304
116.567
59.0399
26.5671
108.439
135.01
18.4387
161.561
135.01
0
90
90
90
44.9904
95.7098
90
173.661
0
78.6898
26.5671
78.6898
55.6269
20.5604
126.463
29.0536
8.12949
52.1294
74.0521
39.289
124.688
43.4165
55.8211
72.2519
58.6755
61.6071
63.4329
55.3122
12.2654
63.1201
57.2708
71.5613
18.4387
44.9904
44.9905
44.9905
78.6898
83.6606
60.9464
104.038
52.1294
135.01
56.3168
114.448
49.0803
64.4371
90
63.4329
77.9047
80.538
90
63.4329
56.3168
68.9581
44.9904
78.6898
54.0974
44.9905
24.1061
17.7873
56.3168
0
0
158.958
145.312
0
34.6878
44.9905
34.6878
57.9997
90
81.8705
56.7748
47.3769
55.6269
65.5523
55.3122
178.025
156.797
32.0003
55.0154
75.649
88.0912
9.46199
129.508
158.698
150.946
151.327
116.011
112.037
124.985
146.317
15.2573
150.946
125.53
71.5613
44.9905
135.01
116.567
120.96
90
161.561
11.3102
18.4387
30.9601
135.01
90
44.9905
135.01
0
78.6898
104.038
44.9905
18.4387
11.3102
63.4329
90
59.0399
0
26.5671
135.01
108.439
0
90
90
135.01
44.9904
91.5478
91.6362
71.5613
108.439
105.257
75.9622
71.5613
81.0278
90
76.6063
56.3168
90
59.0399
112.385
135.01
0
59.3526
46.2261
98.3433
65.7423
3.01221
51.757
64.852
53.1363
52.2415
48.5694
6.33939
127.871
90
6.33939
11.3102
168.69
156.797
59.0399
80.538
95.1936
63.4329
104.038
18.4387
61.5046
8.12948
91.9745
63.4329
74.7427
83.6606
108.439
53.1363
39.289
44.9904
44.9905
46.9006
42.4452
40.6722
25.4664
160.197
14.0378
0
0
169.992
170.538
5.52673
13.2417
14.9334
16.9306
31.7547
11.3102
30.0662
44.9905
36.247
64.9798
71.5613
60.5257
7.69536
176.761
4.18419
78.6898
104.745
93.6907
77.4704
127.298
148.575
3.65156
123.937
118.495
120.101
125.367
141.342
135.01
90
95.1936
63.4329
71.5613
90
98.1295
135.01
168.69
108.439
44.9904
0
0
44.9905
66.7972
90
59.0399
0
11.3102
167.004
0
173.661
161.561
135.01
30.9601
59.0399
18.4387
18.4387
116.567
116.567
135.01
90
90
0
44.9905
71.5613
78.6898
90
168.69
151.699
116.567
135.01
102.725
25.7128
51.8465
0
36.2469
0
116.567
120.96
59.6792
67.6984
104.536
67.8292
69.3002
59.2534
49.8619
47.8538
47.445
47.1936
63.4329
161.561
85.6021
135.01
116.567
108.439
86.1866
44.9904
18.4387
135.01
123.683
135.01
42.7184
116.567
77.9046
105.257
75.9622
52.6
63.4329
98.1295
0
78.6898
114.448
0
18.4387
77.3798
66.9444
38.2868
8.97217
154.651
8.12948
0
0
19.9873
14.0378
13.5717
7.64996
178.153
178.877
15.2573
23.2028
16.2629
18.4387
0
66.7972
75.9622
69.6726
36.0203
4.53702
151.699
152.649
67.1051
74.5756
97.1243
59.7462
110.56
47.1122
164.273
119.008
89.2044
84.054
98.9145
92.7258
71.5613
104.038
44.9905
44.9905
108.439
135.01
161.561
149.04
123.683
135.01
26.5671
26.5671
44.9905
59.0399
135.01
81.8705
0
108.439
44.9905
161.561
116.567
71.5613
11.3102
11.3102
44.9904
71.5613
18.4387
135.01
120.96
108.439
90
98.1295
18.4387
78.6898
72.5495
86.1866
153.433
125.53
90
96.842
30.0662
28.7393
109.363
75.9622
29.7429
37.8706
100.008
66.0336
46.4251
51.074
62.3532
42.5195
51.757
55.8927
67.6894
31.3687
47.445
49.0803
18.4387
101.31
36.8637
60.9464
18.4387
135.01
141.342
71.5613
11.3102
26.5671
30.9601
161.561
115.349
72.5495
101.31
100.491
59.9338
60.7099
36.8637
8.12949
108.439
120.96
71.5613
90
90
18.4387
107.882
109.079
105.02
149.04
0
30.9601
0
0
42.2825
39.4727
30.9601
12.0312
171.871
172.406
8.12948
22.2534
167.735
135.01
5.19363
59.6237
71.5613
81.2543
84.8064
37.4
138.569
158.194
37.6895
57.9126
20.0995
140.907
177.71
51.3425
47.6541
118.234
114.376
107.071
85.7643
110.56
155.552
135.01
11.3102
161.561
108.439
135.01
135.01
101.31
101.31
135.01
18.4387
44.9905
108.439
116.567
0
123.683
120.96
101.31
99.462
78.6898
77.0044
66.7972
44.9904
0
0
108.439
108.439
108.439
98.1295
78.6898
63.4329
90
44.9904
91.7354
86.4243
0
155.552
156.797
8.12949
44.9904
75.2545
29.0536
98.9722
90
90
175.602
56.3168
90
71.5613
60.6436
68.5478
56.6181
44.9905
54.9116
153.433
55.9299
54.7898
161.561
135.01
35.5304
11.3102
101.31
63.4329
158.194
11.3102
90
71.5613
71.5613
38.6575
125.53
104.038
111.806
82.5693
124.107
50.193
61.2607
37.8706
144.47
153.433
90
90
44.9904
90
35.5304
114.448
109.097
98.652
145.312
5.19363
52.1294
0
0
58.2453
74.4736
72.4042
44.9905
170.838
168.111
14.6227
4.76287
151.699
160.556
14.0378
34.2797
52.501
59.7462
64.2872
44.9905
149.934
177.138
26.1777
44.1349
6.5455
141.486
4.76287
41.6411
40.2393
155.62
116.864
102.395
88.299
68.1942
63.4329
146.317
165.962
135.01
90
0
44.9904
81.8705
63.4329
0
0
90
0
135.01
101.31
0
141.342
33.6832
95.1936
53.1363
65.5523
108.439
161.561
90
135.01
0
120.96
44.9905
90
81.8705
63.4329
44.9905
101.31
83.0478
77.9046
113.203
66.7972
54.4696
30.0662
115.02
86.0098
23.9664
68.8015
80.538
101.31
66.7972
168.69
63.0026
66.7972
82.8757
62.2407
53.5374
55.3962
52.4364
56.7316
55.1829
59.0399
44.9905
120.96
116.567
44.9905
135.01
111.042
0
90
135.01
44.9905
47.3769
3.36583
163.608
88.1528
87.5109
82.5693
161.561
47.8538
79.9922
104.038
135.01
156.797
0
116.567
165.962
135.01
90
26.5671
93.433
92.4055
161.561
174.806
26.5671
0
0
49.3944
77.4704
79.6952
77.7346
35.5304
8.12948
31.4998
4.89831
161.561
168.31
9.08985
33.9894
38.5142
44.1217
29.7429
0
0
16.3923
35.8305
35.0884
168.69
141.793
14.4721
35.8305
26.2243
120.254
79.5268
77.5614
59.5374
53.7531
135.01
0
90
153.433
127.871
168.69
161.561
113.203
149.04
18.4387
168.69
120.96
108.439
90
83.6606
56.3168
119.054
78.6898
143.136
44.9904
116.567
0
135.01
90
108.439
71.5613
108.439
26.5671
53.1363
59.0399
135.01
135.01
161.561
84.5605
85.602
123.683
59.0399
83.6606
95.1936
73.4401
78.6898
64.9798
60.6436
64.9798
90
168.69
50.4398
57.6581
59.3846
70.342
66.9702
55.3122
47.5358
58.1774
48.4263
44.9904
14.0378
161.561
161.561
123.683
90
11.3102
108.439
135.01
71.5613
90
43.0338
41.56
10.9229
137.086
112.072
90
135.01
11.3102
90
147.534
116.567
71.5613
90
0
90
0
95.1936
149.04
135.01
93.8134
98.6727
106.702
161.561
0
0
0
44.9905
58.2453
55.9612
48.8078
44.9905
30.2538
36.8637
6.33939
129.289
161.561
14.5362
42.216
40.7684
51.2278
42.5195
153.433
29.0536
28.6635
34.9433
20.8589
167.319
153.739
19.9206
39.4279
15.7536
90.8997
74.6874
75.4748
66.0336
51.3425
126.864
153.433
44.9905
171.871
119.054
11.3102
127.871
90
35.5304
174.806
146.317
135.01
135.01
90
126.864
142.129
44.9904
60.9464
149.04
108.439
23.2028
156.797
104.038
98.1295
63.4329
63.4329
135.01
35.5304
44.9905
161.561
44.9904
108.439
71.5613
93.1792
100.491
44.9904
23.2028
60.9464
135.01
88.4522
158.958
61.5046
65.5523
11.3102
161.561
135.01
65.2622
63.9365
59.0399
67.4991
13.6727
54.4696
43.3233
55.0681
39.289
170.538
146.317
11.3102
161.561
23.2028
60.9464
23.2028
156.797
71.5613
66.7972
39.289
38.2868
29.0536
135.01
92.0696
96.4487
73.6077
144.47
71.5613
34.6878
150.257
100.491
81.8705
85.602
153.433
0
0
84.8064
26.5671
53.1363
106.61
108.439
103.572
126.864
0
0
0
131.914
97.0005
79.9922
47.5936
35.2102
20.5604
30.9601
145.015
81.8705
123.683
61.2607
53.8488
54.4696
64.7957
71.5613
173.661
63.4329
56.4763
38.9443
24.8671
174.29
154.796
16.3923
41.7682
150.752
71.7181
65.4686
61.0498
82.4061
90
161.561
116.567
119.054
33.6832
63.4329
78.6898
81.0278
44.9904
79.9922
161.561
155.552
161.561
147.534
144.47
71.5613
135.01
44.9904
101.31
18.4387
81.8705
90
90
96.3394
135.01
33.6832
30.9601
153.433
56.3168
56.3168
135.01
135.01
71.5613
135.01
97.1243
95.9053
44.9904
75.9622
111.806
40.6056
64.2872
101.31
82.8757
101.31
52.1294
116.567
34.6878
58.521
75.0666
54.065
63.4329
48.7249
57.1009
42.0475
51.8465
90
78.6898
114.448
149.04
108.439
90
108.439
104.038
75.9622
37.4
23.6335
30.3085
41.1922
75.3773
29.2901
65.5523
85.1568
98.9722
59.0399
78.6898
66.7972
93.3658
88.0255
123.683
84.8064
135.01
161.561
90
78.6898
63.4329
153.433
140.193
106.702
97.8146
141.342
164.743
0
0
117.475
132.963
130.43
105.645
62.1022
14.2662
10.9229
121.324
120.96
36.8637
53.3321
60.378
72.8941
106.931
97.1243
52.1294
80.7071
80.3806
53.4616
30.289
0.987553
161.824
15.3237
33.6832
106.392
105.715
123.832
123.322
113.203
141.342
0
44.9904
172.876
158.958
161.561
8.12949
77.0044
149.04
116.567
164.743
18.4387
135.01
125.53
135.01
171.871
11.3102
135.01
90
18.4387
135.01
144.47
33.6832
71.5613
90
78.6898
44.9905
135.01
78.6898
81.8705
135.01
120.96
90
135.01
91.8472
95.9053
18.4387
81.8705
26.5671
44.9905
40.9197
95.7098
101.31
149.04
44.9904
78.6898
61.6992
59.0399
54.3006
32.1198
63.4329
56.3168
59.5032
65.5523
153.433
18.4387
165.962
35.5304
12.9956
0
0
144.47
142.129
43.4165
43.1996
29.0536
19.9368
78.6898
57.4317
12.9956
63.0588
75.9622
99.462
0
98.1295
135.01
59.0399
78.6898
168.69
33.6832
44.9905
44.9904
90
11.3102
135.01
44.9904
135.01
90.451
85.9472
158.958
147.534
0
0
158.958
46.5001
92.7258
112.385
108.89
135.01
104.745
102.34
3.01221
28.2018
30.2999
25.7721
168.69
67.3758
64.6507
54.4696
63.8223
71.5613
59.4239
34.2797
14.0378
175.342
18.4387
23.8178
143.326
168.509
152.341
129.896
138.419
155.552
122.899
90
0
44.9905
8.12949
161.561
11.3102
140.711
78.6898
135.01
146.317
108.439
135.01
153.433
174.806
0
142.129
101.31
44.9904
135.01
135.01
26.5671
44.9904
18.4387
98.1295
90
90
108.439
113.203
18.4387
71.5613
18.4387
81.8705
80.2178
90
135.01
90
78.6898
79.6952
38.6575
47.7175
44.9904
75.9622
135.01
48.0582
60.6208
36.4626
61.8865
57.7629
44.9905
56.12
52.8591
90
108.439
81.8705
44.9904
78.6898
116.567
135.01
173.661
59.0399
30.1389
33.2479
41.2635
22.3845
28.3792
28.9256
74.2464
56.895
65.279
84.6115
135.01
135.01
135.01
161.561
59.0399
108.439
161.561
71.5613
90
44.9904
71.5613
63.4329
84.8064
75.9622
71.5613
87.7459
90.4373
0
135.01
0
0
172.876
21.3751
179.326
44.9905
55.1829
165.255
160.342
35.5304
56.7316
32.8991
21.3413
165.826
145.791
33.6832
27.1825
38.6575
46.5618
64.217
65.606
34.3324
20.3575
9.91632
24.6034
25.2952
166.836
12.4459
149.839
134.57
145.889
163.833
161.561
140.545
164.743
108.439
135.01
108.439
135.01
90
146.317
0
90
90
135.01
135.01
135.01
44.9904
78.6898
90
135.01
44.9905
71.5613
71.5613
63.4329
90
81.8705
161.561
33.6832
149.04
123.683
161.561
90
108.439
78.6898
79.5086
90
90
146.317
63.4329
60.9464
92.1207
79.9922
54.4696
40.2393
59.0399
52.391
28.3008
78.178
43.2725
48.7249
65.1672
55.1829
54.4696
44.9904
149.04
104.038
113.203
35.5304
122.466
90
46.5835
29.6853
28.4428
29.147
12.9956
37.7321
27.6468
138.004
5.19363
93.9175
68.3808
71.5613
101.31
96.3394
71.5613
71.5613
21.0419
135.01
94.3979
144.47
18.4387
90
44.9904
161.561
75.9622
156.797
80.538
104.302
106.392
118.301
108.439
0
0
58.5748
59.0399
13.1737
40.7155
13.914
172.406
166.826
175.602
77.6799
74.2464
41.9141
126.758
136.326
30.9601
14.5362
34.2418
38.6575
50.8074
58.8603
35.0664
8.12948
16.8614
58.6942
53.5759
0
41.9956
149.984
141.478
142.531
145.675
129.372
106.304
135.01
122.466
11.3102
108.439
108.439
78.6898
135.01
125.53
44.9905
116.567
0
30.9601
23.2028
21.8058
38.6575
59.0399
0
18.4387
0
90
63.4329
101.31
116.567
30.9601
30.9601
135.01
113.203
90
0
146.317
65.5523
62.5245
44.9905
68.9581
108.439
108.439
130.606
67.6155
44.9904
135.01
152.102
69.3212
77.5241
58.819
53.1363
64.9798
62.3532
59.7994
66.7972
75.9622
135.01
33.6832
98.1295
90
156.797
56.3168
38.2075
41.4934
29.8335
8.84133
26.0322
28.9879
33.4332
146.317
70.0127
75.9622
82.1854
75.1394
63.4329
62.1022
21.8058
44.9904
71.5613
61.6992
108.439
96.842
116.567
101.31
153.433
113.203
44.9904
116.567
11.3102
63.4329
118.073
108.439
104.038
115.02
0
0
64.6507
76.4283
81.1587
78.6898
55.088
7.92627
178.473
171.44
6.13142
86.1866
138.359
53.8137
74.7427
58.6313
23.2028
33.3598
35.8627
43.1245
48.1197
29.8438
144.28
0
76.7583
94.2357
12.7252
129.473
170.538
80.2178
114.891
119.267
132.048
162.394
169.501
154.941
144.873
178.531
13.2997
177.798
135.01
146.317
149.04
44.9905
0
90
78.6898
63.4329
44.9904
168.69
116.567
63.4329
116.567
74.7427
33.6832
125.53
153.433
44.9904
44.9904
90
90
81.8705
44.9905
135.01
73.8081
58.3971
7.12426
44.9905
116.567
125.53
135.01
76.4283
98.1295
68.1941
38.9897
59.3526
145.627
60.6436
65.7218
173.661
44.9904
32.7292
59.0399
96.3394
135.01
23.2028
36.8637
63.4329
34.9846
29.6649
34.644
41.4306
30.9601
38.1326
32.4114
29.3876
152.102
63.9941
50.0778
81.8705
82.4061
91.2186
98.1295
92.2902
135.01
108.439
126.864
152.102
44.9904
110.229
164.743
59.0399
44.9905
108.439
108.439
90
0
90
100.491
98.5686
94.9263
130.239
0
0
65.2214
84.2902
93.5029
94.3037
91.5478
70.2736
47.8069
178.506
159.619
166.798
75.2545
70.1106
108.439
88.9772
66.9342
45.7935
26.5671
36.4794
49.9872
11.3102
117.647
11.3102
61.1652
5.19363
39.4279
156.444
1.93019
27.6076
52.6799
97.7494
147.373
173.475
155.147
144.364
172.49
168.644
148.047
130.368
106.56
135.01
108.439
36.8637
150.946
83.6606
44.9904
53.1363
18.4387
171.871
71.5613
108.439
78.6898
94.3979
116.567
81.8705
135.01
44.9904
44.9905
135.01
116.567
108.439
153.433
30.9601
93.0122
81.3849
20.5604
18.4387
92.4891
44.9905
71.5613
112.385
172.876
37.4
52.6458
44.9905
81.8705
39.807
53.1363
49.9247
35.5304
150.946
0
66.7972
44.9904
32.4655
0
47.9272
31.9159
26.4229
24.4477
25.9449
28.7198
39.7001
47.7175
54.4696
79.9922
79.5086
52.6
99.8656
100.713
99.2929
90
98.1295
171.871
135.01
14.0378
155.552
98.1295
128.658
93.8134
135.01
161.561
71.5613
135.01
0
0
35.5304
59.0399
89.5937
87.5109
135.01
0
0
138.569
0
133.836
104.536
85.9562
63.9941
59.8782
38.0431
140.1
135.01
163.924
135.01
36.247
55.7652
57.9997
68.9581
67.3758
63.2375
60.4629
174.806
109.596
71.5613
120.716
27.8978
50.193
2.76967
1.48756
26.269
44.9904
56.9971
58.3033
60.9464
109.674
155.662
12.0816
151.917
120.321
103.83
48.8078
105.948
125.53
66.7972
141.342
103.394
75.9622
135.01
50.711
149.04
135.01
116.567
44.9904
135.01
171.871
15.9479
144.47
71.5613
153.433
30.9601
119.054
90
18.4387
146.317
86.9878
87.1382
90
52.1294
86.1866
18.4387
21.0419
12.5296
95.1936
58.6313
55.1617
87.8793
108.439
158.194
36.078
55.6269
8.12948
35.5304
90
44.9904
78.6898
168.69
38.0149
42.0977
35.052
26.5671
36.951
37.4
24.0794
37.4
81.8705
161.561
79.0192
85.3339
4.39796
80.538
97.4951
90.8549
75.9622
83.6606
18.4387
90
120.96
56.3168
95.1936
63.4329
100.008
135.01
168.69
44.9905
171.871
90
161.561
120.96
135.01
89.2259
87.1584
127.871
0
0
85.4868
34.2085
138.808
110.19
94.7629
76.4629
63.4329
51.7132
143.372
117.7
121.861
0.909189
32.2549
37.3341
34.0487
31.8611
91.3969
142.746
141.972
110.859
90.7637
52.6722
150.71
7.30502
59.711
38.828
8.88019
26.3972
45.6224
61.4771
53.922
174.473
161.196
12.1277
35.0831
125.747
113.951
115.992
170.538
169.509
166.758
141.342
6.33939
101.31
146.317
5.19363
57.5345
153.433
135.01
153.433
135.01
0
18.4387
0
90
90
63.4329
0
33.6832
97.1243
74.7427
142.129
78.6898
78.6898
83.6606
38.6575
44.9904
66.7972
44.9904
174.806
65.279
63.2153
6.33939
36.0203
61.6992
57.1775
27.3511
108.439
90
161.561
50.711
161.561
40.6056
25.2952
34.0388
35.6577
26.5671
25.977
33.0785
42.5195
95.1936
18.4387
78.6898
120.96
85.0616
84.9372
62.3532
149.04
95.3314
92.1207
44.9904
77.4704
54.4696
7.12426
135.01
18.4387
167.004
173.661
123.683
116.567
44.9905
66.7972
78.6898
105.257
11.3102
44.9905
63.4329
91.185
94.0276
44.9905
0
0
95.7098
85.1017
137.717
112.734
103.893
101.31
106.931
126.864
165.962
130.43
163.67
24.8671
42.555
46.5923
37.609
11.6507
150.218
171.529
126.307
163.999
20.6514
40.1587
155.921
4.02756
52.4766
75.8141
56.3168
47.7175
67.8292
77.1948
71.5613
122.899
87.5638
81.0988
100.175
136.311
123.414
144.913
176.394
158.862
134.543
114.779
0
0
173.992
148.397
33.6832
33.6832
129.807
135.01
135.01
135.01
135.01
44.9904
101.31
153.433
23.2028
44.9905
135.01
101.31
108.439
54.4696
98.6151
98.4706
75.2545
0
26.5671
92.2902
135.01
29.4743
67.766
68.1941
69.3002
149.04
49.632
71.5613
56.3168
90
83.6606
11.3102
135.01
42.4642
35.6206
24.3855
43.3713
35.8512
34.8171
29.3876
46.9662
108.439
101.31
161.561
135.01
37.8706
94.4964
98.3653
67.2447
88.1528
106.297
98.6151
101.31
77.4704
93.0122
53.1363
115.349
122.466
161.561
65.5523
90
78.6898
44.9905
19.4441
1.97453
1.38007
179.326
178.933
175.342
54.9116
105.822
139.761
0
0
120.781
102.031
1.97453
112.222
109.307
122.287
145.445
154.247
131.355
41.9956
11.4759
20.4142
40.6959
58.3292
90
103.842
122.729
167.347
166.65
72.5495
6.98029
8.65201
0
8.29655
23.0556
43.6096
41.4306
75.9622
99.462
88.7549
139.968
9.68851
87.8793
106.235
118.073
93.3658
130.899
158.41
174.585
138.06
145.048
176.596
136.601
44.5362
0.719004
130.413
84.8064
151.699
35.5304
146.317
168.69
10.3048
12.7252
178.531
0
178.668
0
8.84133
1.0807
3.94449
14.3019
6.76539
23.5911
28.6857
171.159
170.754
131.431
104.745
4.39796
51.2278
62.6489
0
92.2902
62.5245
48.5694
71.5613
135.01
90
85.6021
44.9905
43.9239
39.5836
33.6832
30.5761
27.7418
37.0139
40.3364
18.4387
174.806
0
63.4329
56.3168
0
146.317
98.8063
112.993
53.1363
79.9922
106.076
96.5619
106.392
87.5109
119.054
97.4307
147.101
112.171
0
75.9622
23.5564
19.3159
25.3493
19.7803
5.253
2.06961
175.545
177.71
167.228
170.776
52.913
162.755
0
0
100.814
89.0292
43.8363
126.864
123.609
132.283
139.877
126.601
98.6151
79.315
54.3675
31.8122
34.0207
54.7898
133.882
132.073
176.187
105.948
92.3855
92.4536
116.567
65.5523
30.6154
17.6257
27.4755
22.8008
175.237
168.69
44.9904
72.7553
38.926
167.228
30.9601
91.1455
122.466
178.409
22.2534
30.0281
15.9888
58.5557
68.561
151.114
97.4307
79.8246
6.95219
104.933
173.661
0.545542
1.701
2.20216
0
2.77863
5.82553
1.19324
176.856
177.208
177.71
2.56326
7.35165
176.988
1.27276
31.6708
29.2181
3.23909
173.992
130.43
98.1295
96.3394
43.4999
53.4616
40.7684
105.948
54.0974
54.4696
29.0536
23.2028
44.9904
26.5671
47.5936
26.5671
33.3749
53.9219
36.0913
29.4991
25.8546
50.711
98.1295
90
0
33.6832
71.5613
74.7427
90
0
97.305
104.828
108.439
77.9688
100.954
91.8775
96.3394
98.7457
78.6898
85.602
135.01
92.7258
18.4387
60.5943
40.6056
25.7128
17.7617
17.9727
6.842
158.194
116.567
0
149.537
153.776
160.141
138.004
0
0
23.4202
65.1092
41.5037
148.329
134.294
127.548
121.369
101.113
83.0895
77.5733
83.126
85.5161
109.803
0
60.4239
86.8785
132.963
9.32321
44.1414
36.8637
143.136
92.6021
71.5613
42.5195
57.8096
34.0043
2.48906
7.65547
13.0167
3.98425
171.488
4.32433
3.89178
167.677
1.35291
1.31526
3.54913
28.3721
31.3567
106.59
0.695719
0.186591
164.813
179.664
166.89
159.349
153.521
140.966
158.194
108.439
11.3102
15.2573
177.511
1.73535
16.5599
14.0378
10.3048
6.842
177.09
6.33939
1.00488
146.317
148.453
3.12154
9.08984
33.6832
69.9005
44.9905
73.2345
87.1382
13.7377
13.2997
44.9904
57.5345
81.8705
116.567
135.01
36.8637
36.6006
17.406
73.6077
20.5604
37.802
48.8945
5.19363
135.01
161.561
149.04
90
71.5613
135.01
155.552
0
168.69
90
83.0895
70.4592
72.5495
107.953
93.3658
90
99.462
71.5613
118.073
145.312
118.073
24.3083
44.5911
40.2721
32.0688
176.634
119.743
135.01
155.552
139.08
168.69
120.96
135.01
151.505
151.221
0
0
33.6832
84.858
65.6099
162.594
141.343
137.282
132.842
114.585
96.7297
89.0454
99.2929
123.064
136.425
105.645
95.7098
94.8983
171.028
46.8391
50.2728
17.2447
22.2803
22.4233
8.84993
4.12068
9.58539
7.48819
177.865
17.5703
38.5385
11.3102
158.081
174.341
124.688
68.4002
24.6504
14.9556
15.3431
0.959973
1.11433
1.41997
2.06745
3.76571
5.70107
160.489
170.454
0.950322
137.346
109.79
13.093
0.602966
178.755
5.19363
6.20264
2.95021
3.73073
4.28842
3.36583
5.90533
4.0849
175.237
135.01
100.62
143.136
3.9902
175.365
19.8031
57.8096
66.4973
61.0498
144.873
65.9206
9.68851
33.6832
90
113.203
44.9905
27.9627
34.2797
49.534
39.6688
36.2469
25.7901
37.5636
102.996
171.871
108.439
14.0378
44.9904
44.9905
0
44.9904
104.038
105.948
90
86.7609
79.0192
66.0336
72.7553
113.899
96.8136
111.042
97.4307
71.5613
120.96
116.567
40.2393
43.9903
49.1614
38.2303
129.289
96.3394
135.01
154.98
158.958
119.743
111.806
108.439
11.3102
0
104.038
0
0
175.987
119.865
114.089
97.1243
133.12
133.867
129.122
125.747
138.301
151.927
140.933
120.818
115.824
128.085
120.066
120.066
41.5037
59.1427
46.4806
97.1243
93.8822
91.9996
95.5267
58.865
20.9701
83.6606
35.4594
2.26999
165.067
176.899
10.57
12.6632
10.7695
11.4578
8.25739
0
5.07291
10.2892
3.54411
2.21921
2.56326
38.6575
107.357
114.005
161.561
8.24284
130.615
134.343
150.046
137.061
30.9601
104.038
98.1295
98.1295
44.9905
40.7684
176.497
139.968
23.2028
24.2316
40.4899
36.5665
140.193
65.5523
129.807
135.01
22.0157
41.1406
60.5943
81.8705
92.7258
150.946
44.9905
101.31
41.3545
29.4743
16.8614
161.561
20.1169
30.8343
48.8078
116.567
18.4387
44.9904
135.01
81.8705
26.5671
44.9904
108.439
59.0399
63.4329
116.567
81.8705
116.567
93.1215
88.5682
73.6077
80.1122
111.806
95.8008
105.948
88.0255
60.9464
114.448
120.066
73.4928
63.0231
63.6851
78.6898
92.7258
74.7427
161.561
135.01
111.806
97.1243
119.054
143.136
90
18.4387
64.6507
0
0
167.004
119.499
123.447
133.371
26.5671
64.1309
76.4474
90.9876
104.785
159.257
143.68
148.183
174.271
164.295
140.631
131.706
61.9904
74.7427
125.53
58.8814
154.808
155.552
171.982
157.06
171.457
29.3849
11.3102
7.57224
2.23903
173.02
9.53632
65.0276
67.9277
64.9798
52.0499
135.01
137.428
165.962
79.8246
111.375
163.808
178.831
39.9222
110.141
66.4436
139.394
115.896
146.525
143.107
153.59
173.438
135.375
125.53
147.534
0
85.4268
144.47
135.01
34.2085
20.6633
22.3845
6.33939
119.474
139.08
30.9601
41.4306
64.0551
57.2707
21.1985
19.4441
48.3589
0
41.1922
27.2175
39.5888
56.5413
39.0343
35.3551
31.6029
41.6411
63.4329
63.4329
108.439
18.4387
108.439
113.203
161.561
171.871
26.5671
81.8705
116.567
66.7972
44.9904
75.9622
87.7978
83.0197
59.6237
81.3577
106.235
91.5762
54.4696
81.8705
135.01
52.1294
49.4807
59.2407
61.5431
65.8506
156.797
78.6898
128.658
149.04
30.9601
60.9464
90
83.6606
54.4696
68.1942
75.9622
90
0
0
177.71
115.824
126.864
140.345
177.511
40.8605
51.1818
55.1093
43.8745
176.056
22.6562
82.955
0
154.256
150.48
164.369
20.6242
14.5185
116.36
69.4396
12.1721
115.087
128.883
95.5267
92.7786
92.6694
50.193
166.262
89.1932
164.052
146.895
64.7729
67.2812
61.5046
58.7264
146.317
145.088
133.099
88.9193
11.3102
46.4617
17.4213
2.33684
125.029
132.963
143.753
52.4364
10.4915
130.95
156.081
175.043
145.204
153.218
163.336
21.8616
19.6348
162.165
148.121
35.5304
25.0202
135.01
44.9904
138.569
150.526
164.743
72.8941
92.419
25.8237
57.5345
83.6606
99.462
44.9905
25.5629
18.4387
153.433
19.4441
25.8897
42.216
149.04
135.01
90
90
0
0
108.439
116.567
161.561
11.3102
149.04
116.567
161.561
71.5613
90
101.31
80.8381
83.6606
129.807
99.462
80.538
89.752
83.6606
78.6898
44.9904
78.6898
70.3674
60.9992
36.0781
44.9905
135.01
120.96
116.567
101.31
83.6606
53.1363
57.5345
65.5523
66.7972
81.8705
98.1295
123.683
0
0
23.2028
108.439
152.715
156.088
170.853
22.1139
50.397
74.0944
81.4698
34.5552
9.3144
2.2675
0.313022
167.855
164.929
135.01
47.2816
15.4635
136.702
147.889
6.57307
23.0894
10.338
26.8757
32.4655
90
44.238
156.246
107.635
63.4329
139.009
61.2607
66.265
49.8966
57.4317
88.7814
86.9065
97.2743
101.889
29.0536
80.2178
63.7757
117.074
88.8545
99.2457
115.148
81.5736
179.051
41.4446
43.9565
105.711
130.995
143.027
173.917
19.1292
17.4152
142.444
120.254
27.4755
26.5671
113.203
71.5613
8.12948
146.317
0
34.2797
57.1009
82.8757
48.8078
78.6898
30.7321
33.4332
38.1536
34.0701
31.6029
40.8455
56.3168
108.439
26.5671
63.4329
90
90
0
0
135.01
135.01
0
18.4387
101.31
98.1295
161.561
18.4387
101.31
90
86.9065
86.1866
168.69
85.8561
100.305
91.9917
92.1207
77.4704
0
55.7915
67.4161
69.4823
101.31
44.9904
71.5613
75.9622
49.7607
32.4655
59.0399
68.1942
71.5613
90
135.01
153.433
142.129
144.47
0
0
12.9956
135.01
29.2901
177.615
175
8.40279
27.7773
61.876
84.2521
87.358
111.806
19.2347
161.561
157.376
161.013
5.25701
147.195
129.807
95.5985
138.058
22.0723
52.5737
22.7403
150.627
129.645
4.39796
25.4191
161.561
128.073
137.825
24.3293
106.963
98.4171
117.074
171.47
30.6613
28.0728
36.2469
33.4696
178.625
151.699
168.578
15.2987
22.9532
8.50403
7.55563
18.9504
53.5184
50.4978
25.9614
123.209
28.0728
143.7
178.307
19.7666
22.7716
111.341
107.365
133.761
60.6436
155.722
148.139
37.8706
11.3102
18.4387
44.9905
176.634
54.4696
36.3776
20.3484
47.3769
173.661
27.9435
22.9171
51.9151
71.5613
135.01
44.9904
6.33939
153.433
108.439
116.567
135.01
0
0
135.01
135.01
44.9904
56.3168
63.4329
44.9905
161.561
98.1295
108.439
87.1382
83.2552
27.2566
70.3674
110.777
91.1883
79.9922
67.6155
168.69
72.594
68.9206
68.6982
48.0044
12.5296
148.245
23.2028
96.3394
63.4329
44.9904
113.203
126.864
125.53
168.69
6.33939
146.317
141.342
0
0
135.01
63.4329
63.4329
51.9151
27.1228
19.7264
30.3208
61.2208
81.8705
97.1243
156.797
3.01221
112.385
113.966
111.806
51.3425
77.3466
99.6049
26.8358
31.4252
169.216
135.418
157.205
28.6815
32.7625
127.771
107.953
91.5478
96.5082
104.901
127.871
77.4357
76.8042
74.5756
56.3168
87.185
104.266
102.805
104.678
12.2654
70.9025
149.04
98.4264
98.498
1.27276
13.0704
2.93511
156.797
156.937
162.948
27.6139
33.4332
149.224
155.705
21.5758
44.9904
101.31
109.924
115.323
82.1175
120.96
78.6898
107.106
51.7132
135.01
30.9601
44.9905
173.501
38.4151
68.9581
34.0701
13.6442
43.6427
0
80.538
135.01
161.561
125.53
6.33939
11.3102
135.01
135.01
153.433
0
161.561
135.01
71.5613
59.0399
63.4329
0
44.9905
90
81.8705
26.5671
83.8122
84.1745
66.1573
79.9458
94.8432
90
98.6151
108.439
33.6832
84.5889
83.9284
44.9905
135.01
120.96
95.1936
94.398
101.31
114.448
14.0378
158.194
128.658
111.806
135.01
78.6898
123.683
120.96
0
0
98.9722
72.4711
64.3561
56.6402
47.8538
62.5245
58.5002
69.3367
87.6145
108.008
115.909
75.9622
30.0662
127.298
84.2902
178.959
127.229
116.997
81.3849
166.428
88.2105
9.8409
173.743
1.299
170.032
144.681
143.201
11.1217
52.4364
50.2526
32.2234
58.1707
54.841
11.0411
169.903
167.242
155.825
149.294
156.885
3.21488
14.6227
1.14552
171.657
161.84
14.1295
10.9856
174.669
170.498
149.36
124.868
34.2085
83.119
89.5559
121.5
139.285
65.5523
77.6501
92.3016
91.3232
116.567
32.1198
66.7972
96.7654
73.0694
100.305
6.33939
76.7583
143.136
33.6832
8.84132
46.2131
125.53
135.01
18.4387
123.683
21.0419
135.01
101.31
56.3168
135.01
161.561
135.01
161.561
0
135.01
108.439
90
90
135.01
44.9905
44.9905
81.8705
90
56.3168
78.9434
77.5918
60.9464
71.8127
100.408
90.2246
76.4283
99.462
42.7184
65.4639
71.3245
146.317
33.6832
157.376
177.879
38.6575
96.3394
143.136
6.33939
123.683
99.462
105.257
116.567
135.01
26.5671
90
0
0
67.71
49.6636
46.3258
52.8591
39.5602
43.0994
46.5407
60.0206
82.1175
90.8068
92.2022
150.257
81.8705
72.2519
86.3792
64.9798
142.033
132.216
161.977
7.0005
56.0896
68.2548
53.753
145.93
109.263
95.7098
97.5939
39.9595
67.766
70.5098
73.7771
75.3047
81.0278
15.6446
156.034
8.12949
82.4061
84.9583
104.745
34.2085
65.1329
78.6898
86.6342
95.0417
87.3251
85.0616
94.0849
85.3149
91.4685
96.0534
109.987
106.192
86.567
72.594
46.8391
40.9197
66.2676
70.342
73.931
106.392
63.4329
138.808
48.3589
34.3731
85.3653
144.47
149.04
7.94283
35.3038
74.7427
161.561
101.31
108.439
135.01
44.9904
113.203
85.6021
108.439
90
101.31
153.433
135.01
135.01
0
90
90
108.439
120.96
161.561
44.9905
44.9904
75.9622
44.9905
68.6249
80.6402
83.0197
80.6557
81.0699
96.709
91.4793
82.8757
11.3102
71.3143
63.0744
50.711
146.317
30.9601
0
126.864
149.04
118.301
135.01
66.7972
44.9904
53.1363
108.439
135.01
135.01
44.9904
78.6898
0
0
67.5529
46.9328
24.4477
38.9897
60.9464
60.0707
64.6507
70.7653
70.4036
71.0714
82.8757
108.439
44.9905
48.6848
100.84
121.755
81.8705
144.367
160.297
4.87849
36.6561
58.4697
111.576
31.4998
88.3822
94.4405
106.093
48.8945
75.3773
78.6898
76.2917
74.6093
58.7111
122.466
73.6077
23.2028
96.1458
92.642
111.806
54.4696
65.8506
68.9581
23.2028
101.769
77.3466
81.6749
92.4362
90
111.144
117.458
163.723
24.8037
123.572
76.2496
44.4638
165.464
85.7551
90.2968
95.6114
46.3258
26.8799
154.437
26.0779
152.353
102.265
35.5304
98.1295
108.439
30.9601
135.01
90
59.0399
135.01
108.439
71.5613
171.871
35.5304
11.3102
8.12948
108.439
90
90
90
0
90
90
135.01
135.01
153.433
161.561
90
90
71.5613
78.6898
79.3803
81.8705
89.3099
89.6049
90.6509
90.6204
94.6347
0
86.6009
80.5847
21.8059
159.771
176.187
174.806
135.01
153.433
135.01
118.301
102.996
95.1936
90
135.01
135.01
125.53
90
44.9904
0
0
77.3065
69.2234
8.12948
37.8706
73.8081
71.5613
69.6192
72.3465
75.1716
79.8755
81.0278
55.9612
44.9905
159.44
131.431
93.9175
69.0398
7.27427
164.944
4.61559
5.09132
0
140.907
108.439
114.659
112.936
136.944
21.5758
46.1879
64.9798
77.5918
76.2854
28.1419
154.796
3.81339
65.5523
107.854
105.126
117.898
67.8292
59.7462
93.0122
0
167.47
65.5523
68.1941
101.535
128.364
163.765
140.314
167.84
166.93
91.439
104.18
168.192
175.866
130.526
114.426
108.857
86.3093
130.032
49.2316
140.193
153.433
135.01
127.229
59.0399
75.9622
135.01
0
114.448
161.561
168.69
113.203
135.01
149.04
153.433
135.01
18.4387
44.9904
90
90
90
0
90
90
0
135.01
161.561
135.01
98.1295
135.01
0
82.8757
80.8037
76.1579
80.538
84.8064
90.939
88.9661
82.3046
26.5671
90.2616
89.1699
30.9601
164.743
165.962
164.052
145.312
158.958
135.01
116.567
124.688
129.807
135.01
135.01
135.01
113.203
111.806
105.257
0
0
87.2214
90
0
26.5671
88.2646
79.6952
64.023
66.4436
90
98.1295
74.4736
64.9798
59.9338
74.0521
64.1763
68.8709
76.5606
60.5943
165.139
17.406
144.026
124.688
135.01
128.085
80.2727
98.4706
136.754
8.12948
26.5671
38.243
71.936
85.9811
90
150.946
114.149
135.01
99.7822
105.143
118.301
71.5613
75.9622
69.2234
176.187
132.718
101.822
93.9175
91.1231
119.054
12.0954
123.88
96.7882
56.6959
53.3036
174.611
5.32195
149.268
145.312
106.244
96.0651
98.1295
18.4387
161.561
52.6
34.6878
115.563
100.125
153.433
94.3979
81.8705
44.9905
90
90
116.567
108.439
116.567
135.01
135.01
153.433
161.561
135.01
135.01
116.567
108.439
0
108.439
116.567
135.01
0
44.9904
71.5613
108.439
161.561
135.01
84.0947
84.8064
81.8705
81.8705
82.6743
93.5029
90.4062
86.8208
44.9905
88.7158
88.348
33.6832
18.4387
156.797
135.01
119.054
113.203
99.462
101.31
108.439
108.439
105.257
116.567
18.4387
123.683
119.054
128.658
0
0
101.547
96.1694
39.807
154.98
77.2748
82.4769
73.7371
59.0399
67.1051
70.9704
56.6959
43.9437
109.444
53.5374
101.31
96.0433
98.9145
128.364
160.637
164.246
44.1349
49.3466
22.878
166.129
9.75217
78.178
158.066
150.156
63.9678
73.4401
85.5399
94.7327
102.805
44.9905
129.473
5.70978
167.619
108.439
111.806
86.6342
48.8078
67.9277
171.871
127.871
101.794
97.7645
87.2214
51.0103
167.47
58.6313
74.5092
69.8099
25.0202
75.1394
68.1942
108.439
153.207
102.739
97.3239
73.9238
163.808
32.0003
7.12426
55.8927
135.01
129.289
143.136
117.898
0
158.194
98.1295
153.433
63.4329
78.6898
90
90
135.01
161.561
135.01
108.439
0
90
90
0
135.01
116.567
135.01
135.01
63.4329
135.01
153.433
135.01
135.01
84.8064
84.3413
79.0458
81.8705
83.8416
92.7786
90.1968
85.1017
68.1941
87.9366
89.4384
101.31
90
135.01
113.203
105.257
90
84.8064
99.462
102.996
99.462
105.257
135.01
26.5671
113.203
96.3394
90
0
0
107.704
102.012
96.3394
116.567
87.5109
96.3394
95.1936
77.8279
58.6313
71.5613
78.465
54.2533
123.683
102.996
132.073
102.476
87.6145
135.01
178.091
22.3845
25.111
23.2674
19.2487
154.57
137.952
49.9675
177.918
124.741
41.4306
141.846
118.443
102.601
95.1936
62.5245
165.577
1.27276
135.01
97.3336
101.726
145.312
39.4727
71.0496
102.996
90
97.9428
102.996
84.0947
135.01
167.004
92.8618
91.2317
98.4264
42.4356
37.5636
137.654
146.317
178.153
106.365
110.118
138.172
175.764
131.105
33.3041
57.6581
99.8333
115.563
100.008
106.392
93.8134
146.317
146.317
63.4329
44.9904
44.9904
44.9904
44.9904
44.9904
18.4387
44.9904
71.5613
0
90
90
0
0
90
135.01
108.439
81.8705
90
0
98.1295
135.01
87.581
87.955
85.463
86.036
87.0756
90.8068
89.4253
82.8757
77.7346
87.3741
89.7032
135.01
135.01
135.01
101.31
105.257
102.996
101.31
101.31
98.1295
99.462
101.31
116.567
44.9905
98.1295
108.439
108.439
0
0
102.53
107.024
122.12
18.4387
106.392
100.408
98.3923
86.1866
63.8836
56.5988
81.8705
86.4243
141.01
115.487
30.9601
84.4953
66.2465
0
97.9065
64.3135
54.1695
50.3886
44.9904
92.419
80.9811
65.4767
159.771
97.4951
94.9384
101.769
89.68
83.3416
69.3581
49.2316
3.36583
78.6898
61.8582
82.4513
98.4264
90
66.3665
90
49.7607
60.2571
117.719
109.097
80.096
49.2316
14.6227
47.7393
40.2086
82.7638
47.1122
33.6832
113.732
97.5231
87.8793
100.211
98.6927
89.5104
179.256
122.899
44.9904
71.5613
116.291
176.424
101.889
116.567
129.807
161.561
44.9904
44.9904
90
90
90
0
71.5613
44.9904
18.4387
44.9904
0
90
78.6898
0
135.01
90
44.9904
71.5613
98.1295
90
0
81.8705
0
90.8068
91.0228
91.7895
91.701
91.6843
88.9393
89.2413
84.0947
88.2646
88.6803
88.7549
90
108.439
90
153.433
127.871
124.688
129.289
116.567
105.948
102.996
95.1936
90
0
101.31
104.038
95.1936
0
0
98.5686
112.525
123.225
115.563
56.895
66.1573
78.6898
85.9151
77.4704
54.2798
57.9126
91.1689
118.301
112.208
149.679
83.2346
75.3414
9.32322
123.225
114.981
124.209
153.102
3.01221
40.2393
61.535
50.5051
106.192
98.3923
146.162
19.8363
59.326
67.7921
46.8693
21.5059
116.567
73.0694
66.4436
90
113.203
146.317
146.317
154.852
33.105
135.01
148.245
108.163
51.3425
37.609
7.60274
24.4827
12.7321
171.798
157.706
172.558
27.9435
5.24103
167.604
39.7864
73.4736
84.645
24.2782
56.5818
114.627
82.35
78.2313
25.4664
129.093
111.042
129.289
135.01
141.342
156.797
135.01
135.01
135.01
135.01
108.439
116.567
135.01
0
44.9904
59.0399
56.3168
161.561
108.439
90
71.5613
44.9904
116.567
44.9905
44.9904
63.4329
0
93.4676
94.0849
96.1458
94.6661
93.7579
88.6555
89.8097
88.0255
96.7091
90.7776
88.7683
8.12948
44.9905
54.4696
8.12948
135.01
123.683
123.683
124.688
125.53
116.567
111.042
135.01
0
135.01
125.53
128.658
0
0
103.3
115.43
108.439
82.1175
43.5383
39.4279
55.7203
85.1017
91.9745
85.4868
71.5613
77.0044
159.223
78.6898
125.747
101.726
118.034
132.763
122.587
123.941
125.105
143.304
15.805
46.2004
54.9517
16.9786
118.163
147.271
1.18501
12.1449
48.0582
77.0564
83.6606
44.9904
59.0399
81.2543
81.3849
80.9102
78.6898
16.3923
159.44
147.101
33.6832
128.364
88.8311
122.899
55.7915
85.007
87.6145
137.784
163.999
10.0644
48.0692
24.4477
92.7697
0
71.0496
102.996
92.3107
90.5508
80.2178
92.5633
71.1577
86.6342
76.0702
158.958
72.8941
73.2978
116.567
104.038
90
123.683
135.01
135.01
135.01
135.01
135.01
135.01
135.01
135.01
71.5613
66.7972
59.0399
108.439
90
90
78.6898
0
0
135.01
71.5613
0
0
95.0123
95.1014
96.7091
94.2134
92.4535
89.4492
90
86.4243
105.948
92.0091
89.7062
168.69
44.9905
63.4329
18.4387
104.038
99.462
111.806
135.01
126.247
115.349
119.743
153.433
0
144.47
125.53
125.53
0
0
96.9522
108.439
96.9803
83.9049
59.0399
44.9905
64.2872
81.3273
86.0098
98.1295
114.627
156.797
44.9904
113.203
107.451
115.02
117.647
119.474
3.57568
75.3624
72.5495
90
40.3364
58.3292
61.9272
160.141
118.767
4.81999
18.4387
4.32432
22.6242
103.801
113.879
59.0399
36.2469
64.7957
74.7427
57.1009
21.9956
144.47
126.864
105.948
83.6606
67.9277
57.8802
142.129
28.4954
127.376
174.069
10.0833
179.051
166.362
151.374
111.042
117.045
9.87761
30.5266
116.291
95.4232
86.6057
130.768
161.561
41.7834
148.5
103.3
23.6335
74.7427
0
114.448
123.683
149.04
98.1295
66.7972
135.01
171.871
111.806
44.9904
0
101.31
90
90
98.1295
135.01
44.9905
135.01
44.9904
78.6898
0
0
30.9601
59.0399
0
161.561
94.5732
94.1589
98.1295
95.4111
90
91.652
90.7637
100.62
90
91.9745
91.4106
44.9904
98.1295
90
18.4387
90
114.448
126.864
135.01
102.53
106.392
129.807
127.871
135.01
116.567
101.31
75.9622
0
0
51.5849
79.3803
98.79
101.497
110.229
135.01
113.203
96.7654
108.95
135.01
142.529
159.098
7.30502
143.136
10.0078
14.0378
67.1051
89.0124
26.1493
62.5446
54.2533
90
52.3787
56.3168
65.4937
133.643
112.787
37.8706
46.5835
139.761
69.8381
121.448
104.536
87.2742
93.0122
87.7098
74.7427
77.1514
61.4407
125.763
109.937
130.032
153.433
82.8757
71.9622
162.252
154.382
32.0003
66.2465
89.5757
140.44
84.3526
84.3064
53.3439
0.629471
112.676
101.041
92.8729
96.6573
96.7971
122
129.807
103.242
119.743
112.131
156.246
81.1587
135.01
135.01
124.688
139.761
120.96
143.136
153.433
8.12949
101.31
135.01
44.9904
26.5671
90
90
101.31
161.561
161.561
90
44.9904
90
0
78.6898
44.9904
135.01
78.6898
153.433
97.4307
95.9798
97.6954
90
86.4684
92.1207
90.5747
115.563
15.9479
89.7431
91.9364
135.01
65.5523
36.8637
116.567
0
135.01
116.567
90
90
114.448
135.01
108.439
108.439
18.4387
105.948
85.6021
0
0
49.7607
30.9601
106.48
114.609
135.01
146.599
120.171
110.327
128.99
152.591
150.526
155.429
167.151
146.317
113.203
66.1573
79.439
124.789
38.3424
79.8623
105.103
69.5461
60.4239
55.0443
59.7853
138.461
118.229
33.9228
61.6992
96.4487
79.2156
96.842
91.7354
88.4521
135.01
93.9902
77.1948
94.6347
112.787
80.2178
90.7741
175.237
119.576
110.437
114.278
69.2234
111.934
49.4631
11.3102
57.2707
83.6606
117.735
123.771
154.651
4.42622
15.9206
13.8089
123.982
99.175
92.8618
161.561
82.9724
0
121.5
102.381
121.5
81.3849
44.9904
18.4387
113.203
149.04
145.015
161.561
115.02
71.5613
111.806
116.567
120.96
0
90
108.439
116.567
135.01
135.01
116.567
108.439
0
0
90
90
90
90
135.01
100.175
96.7091
93.3658
91.1015
94.6734
85.803
89.2099
118.301
135.01
91.3702
90.7993
52.1294
71.5613
114.448
101.31
168.69
0
78.6898
53.1363
85.6021
113.203
125.53
108.439
144.47
30.9601
104.038
100.008
0
0
69.4396
161.561
80.3115
108.89
137.152
139.232
123.05
110.777
103.673
119.743
142.436
149.746
149.385
123.105
95.0417
86.7609
94.8983
131.641
56.7316
69.0398
140.711
65.9206
69.0978
65.7053
56.7748
153.433
135.01
17.5636
56.5668
86.7197
76.0528
112.092
104.861
56.3168
23.7535
61.6992
75.0312
49.6636
59.7462
3.44675
117.301
153.851
50.6308
28.6101
101.726
107.805
68.846
57.8341
178.364
35.8305
145.791
124.039
87.6727
70.8005
6.66588
171.635
1.57622
49.7214
79.2004
93.3268
171.574
66.7972
42.2825
90.4441
115.824
119.622
71.5613
123.683
80.538
130.239
143.136
167.004
135.01
119.054
143.753
135.01
165.962
146.317
149.04
135.01
135.01
116.567
108.439
0
108.439
116.567
135.01
0
98.1295
116.567
71.5613
98.1295
135.01
104.536
99.7434
98.79
99.6596
99.9636
83.6606
87.1382
40.2393
35.5304
93.9252
93.0659
115.02
59.0399
108.439
44.9904
63.4329
35.5304
73.2978
66.7972
71.5613
90
120.96
101.31
113.203
0
86.1866
93.3658
0
0
107.529
60.2571
47.2816
86.8208
129.289
125.127
118.393
111.545
92.9103
38.2868
128.658
175.602
142.129
118.908
106.766
100.222
98.1295
0
76.3273
82.5693
62.1022
70.2879
87.358
95.2804
82.1474
139.08
149.04
11.7687
168.69
93.3225
85.2603
139.165
123.544
0
28.5397
29.9794
69.1622
48.7453
18.4387
7.43069
105.992
145.312
56.3168
122.342
108.974
139.999
53.4335
70.9209
15.0204
0
171.871
113.591
95.1531
109.684
162.092
112.562
56.0305
71.9553
91.3768
91.9263
52.1294
109.541
177.798
69.1966
126.463
107.106
153.433
80.538
84.8064
0
143.753
126.864
151.699
149.04
131.828
116.567
30.9601
90
104.038
113.203
108.439
108.439
135.01
161.561
135.01
116.567
108.439
0
101.31
116.567
44.9905
101.31
108.439
113.203
98.4706
97.0571
101.854
98.5686
87.2742
89.7961
64.9798
44.9904
103.871
111.806
125.863
26.5671
8.12948
33.6832
29.0536
44.9904
114.448
111.042
98.1295
161.561
135.01
98.1295
96.3394
63.4329
74.0521
81.8705
0
0
123.683
106.931
81.8705
98.1295
124.985
114.627
115.204
107.704
93.0769
54.8732
112.072
69.4396
144.17
122.769
116.315
110.947
169.825
26.5671
22.7284
27.2566
102.908
90.8812
104.217
110.023
113.899
11.3102
26.5671
18.4387
104.038
91.9477
86.8946
159.563
108.439
145.211
43.7869
6.63173
67.4588
70.32
88.6031
38.2075
78.0233
131.996
105.02
53.9219
88.7814
171.871
63.739
105.645
111.166
28.3008
112.624
98.7457
97.9929
104.659
35.5972
161.902
138.808
113.678
84.1289
76.5238
17.7481
135.01
11.822
81.305
75.9622
84.4733
39.289
102.265
135.01
126.864
71.5613
148
135.01
21.0419
136.677
135.01
161.561
116.567
44.9904
78.6898
116.567
135.01
161.561
135.01
108.439
108.439
116.567
135.01
108.439
116.567
135.01
108.439
135.01
90
90.603
90
116.116
107.052
83.5773
94.3979
139.57
151.699
129.093
116.142
107.596
101.31
66.7972
75.9622
90
30.9601
135.01
108.439
144.47
171.871
135.01
100.305
105.257
90
95.1936
135.01
0
0
102.095
99.462
103.242
161.561
83.6606
90
98.9722
94.8072
86.2489
57.345
111.452
91.9088
150.946
115.501
112.016
106.702
28.6101
64.9798
14.3831
6.16937
133.787
110.954
101.977
88.6471
88.7549
135.01
0
7.43069
40.0325
75.9622
76.7355
126.864
86.3262
112.171
49.3278
12.6935
53.8716
108.439
25.9092
141.343
98.2852
36.4626
54.4696
119.054
69.7708
85.7643
74.0521
7.43069
107.024
38.6575
17.4822
165.57
40.2953
137.942
62.898
121.289
94.4548
77.5888
73.9167
74.0521
157.376
52.1294
167.949
108.097
115.824
111.687
135.01
77.0044
26.5671
21.8058
11.3102
26.5671
138.569
129.289
161.561
138.086
124.209
96.3394
149.04
135.01
116.567
108.439
0
108.439
116.567
135.01
116.567
108.439
135.01
135.01
116.567
90
18.4387
153.433
92.4891
96.0951
135.01
100.872
81.2932
90.4475
105.948
101.31
161.561
95.1447
95.4273
135.01
0
153.433
168.69
135.01
50.711
71.5613
146.317
135.01
98.1295
92.7258
105.257
111.806
101.31
71.5613
0
0
118.301
111.042
126.112
138.808
97.4307
101.31
101.726
90
82.4323
57.2065
106.052
91.3969
5.19363
99.904
93.0122
89.4931
74.3554
91.3116
7.30503
109.803
126.078
106.824
107.179
87.9403
90
13.3937
173.661
32.4655
52.6
73.399
74.569
114.118
94.0135
35.5304
59.9752
29.8438
97.1243
74.4736
29.218
121.472
74.685
139.08
25.6439
32.5925
6.92937
152.384
3.17923
168.395
135.433
60.4334
34.2827
156.405
153.016
133.714
81.9836
68.4385
73.5486
83.202
88.107
87.4367
57.5345
70.9383
156.497
102.367
130.92
119.537
104.038
145.627
109.658
171.871
0
90
0
157.376
135.01
149.04
130.92
140.193
125.53
90
108.439
116.567
135.01
135.01
116.567
108.439
90
90
44.9905
161.561
104.038
71.5613
90
116.567
93.6208
94.8983
90
89.2153
87.1664
88.1675
78.6898
83.158
44.9904
106.47
112.769
131.942
142.129
149.04
90
104.038
86.6342
161.561
63.4329
71.5613
81.8705
90
96.3394
108.439
90
56.3168
0
0
118.073
110.859
117.183
117.351
111.042
121.755
97.3516
90
94.4601
109.803
86.0825
95.1936
176.187
70.6369
69.5628
80.961
65.7684
94.9384
6.33939
93.5316
139.761
108.619
111.088
104.861
123.683
170.538
108.439
98.1295
74.0521
75.7483
75.7998
109.541
101.217
36.0203
115.753
133.836
44.9904
65.4527
41.1601
101.149
74.9294
101.31
51.1983
45.4196
8.5634
167.667
3.09958
171.549
170.297
36.946
64.9362
129.102
113.723
101.651
22.9364
32.295
17.7604
46.3509
91.196
95.0123
132.519
110.099
17.5958
88.0479
152.649
94.6347
98.6151
116.567
99.8656
116.567
161.561
144.47
5.19363
71.5613
127.564
135.01
164.743
140.193
128.658
108.439
71.5613
0
135.01
71.5613
44.9904
108.439
116.567
116.567
44.9905
44.9904
83.6606
108.439
90
71.5613
90
89.4745
81.2543
91.7354
82.8073
89.0533
94.7629
90
52.1294
126.112
112.953
109.382
142.129
3.36583
174.806
0
102.996
0
123.683
68.9581
26.5671
66.7972
78.6898
63.4329
93.8134
110.56
0
0
74.0521
78.6898
65.7684
55.9612
42.6231
36.247
89.0908
98.5302
111.375
136.001
52.6
113.879
10.561
50.6308
65.6552
122.19
41.7682
30.9601
170.538
113.556
83.158
109.562
98.6303
95.9637
99.2106
84.2902
8.97217
8.12949
63.6646
77.9753
77.4417
103.816
94.398
128.657
80.538
66.5798
25.6051
69.2624
76.7861
86.1866
169.509
33.8617
22.4654
41.8834
30.7321
177.437
1.48756
175.907
175.589
1.58788
34.0388
113.843
114.867
148.938
24.4604
30.1342
176.864
1.80492
53.68
87.7808
18.89
151.261
3.31715
35.6828
90
108.439
105.257
147.534
62.6489
108.439
90
11.3102
135.01
18.4387
63.4329
146.696
136.188
63.4329
129.428
141.585
154.98
120.96
44.9904
135.01
135.01
0
149.04
135.01
135.01
63.4329
71.5613
135.01
90
44.9904
92.4891
95.3885
111.806
99.5442
75.826
86.9341
81.8705
82.5693
149.04
68.6249
105.645
114.183
132.346
116.567
71.5613
127.871
44.9904
66.7972
44.9904
76.6063
44.9904
30.9601
101.31
101.31
77.0044
71.5613
0
0
51.5849
59.0399
49.1799
46.5835
29.0536
172.876
96.9522
116.032
130.123
134.207
108.439
175.463
21.1657
25.148
3.99021
75.1394
44.9904
130.393
58.3971
122
141.915
52.845
66.5368
72.1947
81.8705
140.711
46.5835
16.6099
55.3607
72.7693
85.0802
74.2889
113.294
177.368
171.871
59.2569
21.8058
8.27718
6.54993
149.14
18.6795
33.4495
7.32567
17.1334
55.2725
54.1695
30.0662
44.9904
19.2941
133.836
152.292
131.061
151.966
179.698
11.263
49.3466
2.72578
9.21063
37.2658
159.673
68.1941
91.2728
113.203
66.7972
122.19
116.567
102.772
76.7003
173.419
136.728
114.448
90
116.567
171.871
98.1295
5.19363
140.193
146.567
116.567
149.385
138.569
105.257
0
108.439
135.01
0
135.01
108.439
116.567
108.439
116.567
90
18.4387
0
98.3923
101.083
122.899
103.497
74.9515
86.6342
88.0255
82.5693
113.203
108.439
123.191
118.163
116.918
146.317
101.31
56.3168
135.01
71.5613
32.4655
64.9798
96.3394
44.9904
54.4696
78.6898
86.6342
85.6021
0
0
74.3554
61.3899
46.6287
56.895
71.5613
165.962
101.31
146.048
142.219
125.231
100.739
53.4335
43.9722
23.2988
145.627
114.659
91.3745
112.755
123.255
67.1312
34.4317
49.2928
44.1283
45.7329
53.5374
29.4057
29.6649
39.2652
26.4557
13.551
5.58041
171.396
178.562
176.038
173.7
34.8535
25.6439
174.267
4.37982
173.823
14.0378
54.4696
119.356
132.519
85.3149
86.1866
39.807
26.1164
6.842
138.939
109.474
75.2805
136.097
98.4706
107.382
0
24.5937
30.9601
88.5315
132.283
166.476
70.1969
0
168.69
90
71.5613
118.886
106.093
150.946
82.4061
60.9464
63.4329
168.69
83.6606
15.2573
146.317
86.6342
135.01
123.683
90
143.332
144.873
146.775
135.01
23.2028
11.3102
26.5671
63.4329
90
101.31
116.567
101.31
71.5613
18.4387
96.3394
97.045
105.754
98.1295
78.6898
87.2154
94.3979
96.3394
108.439
71.5613
74.7427
118.142
124.688
140.04
143.136
105.948
59.0399
59.0399
108.439
85.6021
52.1294
33.6832
53.1363
44.9904
113.203
152.102
0
0
78.6898
83.2909
90
142.129
167.47
177.71
17.3573
171.385
121.26
110.663
107.547
111.806
117.537
151.771
45.906
92.2541
104.705
90
129.884
23.8427
90
84.8553
65.1541
40.2393
58.6048
40.4297
18.0252
24.9593
29.4991
4.6908
0
179.537
177.724
172.406
179.479
26.4793
25.6331
98.7457
71.1842
68.9581
32.8991
123.281
98.1295
136.583
22.6242
73.6077
117.647
127.871
78.6898
0
83.9123
87.9469
83.6606
97.8348
170.363
9.72731
8.42639
170.134
33.952
66.0336
41.8282
119.054
12.6534
29.218
21.0419
64.1763
105.754
115.563
147.387
88.4521
130.92
135.01
168.69
119.054
0
14.0378
98.1295
0
135.01
143.136
112.624
156.797
139.009
126.864
135.01
18.4387
116.567
90
90
90
90
101.31
135.01
153.433
83.6606
85.2929
81.8705
90.7251
83.7974
87.979
92.4891
96.3394
35.5304
66.0336
4.39796
156.157
135.01
132.301
123.497
119.054
71.5613
59.0399
53.1363
78.6898
96.3394
108.439
96.3394
104.038
0
44.9904
0
0
50.948
69.5628
105.257
10.0078
13.5717
11.822
9.24573
129.807
95.5985
105.464
115.738
136.782
157.09
169.418
178.959
33.9104
59.3678
25.8237
112.755
122.466
125.782
171.489
1.75777
1.31161
9.41597
28.6
26.5082
17.2143
41.0411
119.743
59.6237
141.172
57.1009
136.462
29.0536
59.829
152.968
133.307
49.8619
87.6472
87.9304
109.363
111.43
30.6474
174.429
6.95219
64.6507
94.3979
36.0203
0
97.305
128.355
13.9224
82.7865
93.7423
71.5613
59.0399
164.355
161.561
104.302
59.0399
68.4243
26.1493
5.52673
135.01
115.02
77.0044
92.7258
82.35
167.004
109.235
44.9905
101.31
44.9904
111.806
18.4387
9.46199
125.53
83.6606
139.761
137.952
138.172
123.36
125.53
131.996
44.9905
150.946
125.53
90
90
108.439
116.567
135.01
161.561
80.096
77.9046
70.6369
90.9092
82.8757
86.7609
75.9622
75.9622
95.1936
101.977
23.2028
86.6342
136.425
132.672
133.149
142.129
18.4387
49.3944
27.6468
168.69
125.53
77.0044
29.0536
56.3168
51.3425
47.2816
0
0
35.1268
35.265
149.934
79.9922
49.0803
49.7607
135.01
104.038
112.016
114.448
128.415
144.979
156.518
161.977
168.93
23.2028
49.632
135.01
101.822
32.3339
14.8319
16.8101
14.4458
1.41064
8.39949
22.3845
46.8592
96.3394
174.29
139.394
125.53
135.01
37.8706
170.05
115.668
44.9904
96.842
115.563
174.806
157.869
158.194
162.027
147.943
128.548
175.237
154.98
29.0536
33.6832
90
24.4477
0
150.21
171.597
30.6154
46.7017
161.561
90
161.561
71.5613
122.793
139.285
84.4015
137.194
26.5671
78.6898
120.96
174.806
112.114
113.966
175.102
70.7653
0
53.1363
149.04
48.8078
44.9904
5.19363
44.9904
127.871
173.661
135.01
141.117
143.136
138.004
135.01
126.864
11.3102
63.4329
108.439
116.567
135.01
116.567
108.439
0
82.2671
74.8569
58.2453
100.305
79.5923
85.3653
75.4637
73.2978
84.2902
76.6063
65.5523
26.5671
44.9904
134.016
136.51
153.66
160.862
156.034
71.5613
90
44.9904
68.9581
135.01
52.4364
22.2534
32.1904
0
0
117.475
148.397
37.2292
56.3168
85.6021
81.8705
143.136
131.641
116.567
118.301
136.267
129.56
117.475
117.257
161.561
44.9904
176.634
4.76287
90
80.6449
64.6997
41.2424
30.4859
0.59053
43.4165
18.4387
22.7553
115.148
85.6021
120.96
147.101
154.651
122.599
27.4755
70.1106
44.9905
107.106
94.7629
176.988
60.9464
19.4441
31.7547
8.12949
83.9123
135.01
172.406
105.464
44.9904
113.203
178.452
54.4696
132.406
172.876
38.3643
23.2028
3.01221
148
47.8538
175.816
153.433
129.473
77.7346
162.821
128.085
68.1941
161.561
75.9622
120.066
121.214
84.4015
166.184
130.715
135.01
71.5613
173.661
26.5671
153.433
153.433
44.9904
0
120.96
139.761
129.508
126.112
136.326
135.01
132.146
135.01
153.433
135.01
135.01
101.31
90
0
84.4015
76.4283
168.69
111.042
80.538
86.6342
87.8793
97.1243
87.5109
93.0122
86.9878
63.4329
68.1942
102.996
138.496
159.523
154.117
158.092
177.09
179.334
2.39973
3.12154
2.63191
2.12067
158.958
75.2545
0
0
8.61511
1.68434
1.63625
174.806
15.9479
37.1409
178.668
146.696
104.536
97.7645
96.3394
92.5633
87.2214
62.4462
160.013
38.6575
48.5694
12.1721
18.4387
124.688
122.909
119.169
119.319
174.29
79.2868
75.2545
61.6992
88.2646
90
119.054
6.33939
168.111
152.986
6.80827
14.3831
165.962
29.7429
152.353
0
90.7072
80.538
71.2375
21.3413
32.4011
149.537
71.5613
93.8134
108.439
115.349
7.12427
51.7132
135.01
37.8706
83.6606
44.9905
108.439
113.203
117.759
0
66.7972
154.651
100.784
14.0378
104.038
59.0399
161.561
99.6373
91.3319
94.1439
91.1932
0
91.3969
44.9904
168.69
59.0399
44.9905
153.433
30.9601
11.3102
161.561
135.01
123.683
128.657
135.01
146.982
131.828
147.432
150.257
128.658
108.439
90
78.6898
135.01
161.561
90
84.2902
138.172
30.9601
76.2624
85.3149
85.6021
85.6021
118.301
128.287
54.4696
75.9622
161.561
44.9905
44.9904
176.634
147.432
161.779
176.225
179.128
178.485
6.27353
1.2058
139.155
94.3153
42.8064
0
0
50.711
28.8102
159.901
149.537
11.9767
43.3713
178.364
106.392
89.0908
88.6681
84.5605
104.623
108.439
109.402
165.962
168.69
78.3102
42.3251
175.031
130.368
122.672
138.843
150.296
141.455
10.0974
11.822
99.462
62.9264
90
44.9905
161.561
15.7536
5.70978
162.296
23.2028
90
0
146.317
149.04
136.253
164.399
29.8739
58.5403
48.5694
113.203
159.771
85.4268
90
127.871
11.3102
71.5613
135.01
12.9956
59.0399
44.9905
105.257
44.9904
153.433
172.236
20.5604
3.01221
119.576
160.51
64.2279
75.9622
116.567
100.008
69.6192
87.2742
119.648
154.852
103.738
139.232
0
156.797
135.01
26.5671
161.561
0
168.69
44.9905
63.4329
44.9904
129.56
135.01
140.527
137.854
142.821
137.784
116.567
63.4329
101.31
0
63.4329
100.145
97.744
161.561
103.394
81.8705
83.6606
78.6898
83.6606
66.7972
79.9922
96.3394
101.31
56.3168
149.04
98.1295
78.6898
90
94.398
170.538
0
166.758
33.6832
142.129
91.3636
88.5501
78.6898
0
0
27.8978
33.2252
135.01
140.44
18.4387
52.6
177.879
107.052
102.34
119.054
123.989
127.141
105.868
123.864
176.907
17.7873
28.8858
42.8614
158.698
114.183
70.6114
134.449
147.22
147.99
168.571
132.283
88.8311
22.5249
3.96395
171.502
14.5362
16.6099
153.12
133.034
171.254
150.526
0
119.054
69.4396
34.5012
32.2702
138.569
91.1689
113.203
58.7856
18.8286
135.783
125.83
39.289
176.187
154.98
6.33939
168.69
164.743
36.8637
158.958
112.624
44.9905
39.289
119.054
108.439
108.439
135.01
39.807
115.02
32.0003
81.3849
94.7629
107.748
112.838
83.4545
168.69
103.572
0
90
71.5613
135.01
153.433
135.01
135.01
90
71.5613
108.439
135.01
135.01
144.253
150.752
135.01
136.164
136.239
142.129
96.3394
0
108.439
110.229
113.633
126.247
98.7457
92.1207
87.1093
92.7258
113.203
75.9622
82.8757
116.567
156.797
44.9905
153.433
112.385
125.53
0
135.01
32.4655
18.4387
116.567
90
120.96
91.9975
89.661
135.01
0
0
2.86185
12.2654
146.895
163.608
10.7132
42.5195
8.12949
116.567
127.141
142.311
113.203
79.439
81.3849
168.31
16.1671
15.8544
6.1147
11.3102
30.9601
159.053
30.0248
76.3717
2.61283
142.843
133.426
112.533
130.295
33.105
21.1985
147.81
35.1733
149.04
65.2622
158.958
164.743
128.658
95.1936
170.538
43.1609
48.0044
10.0078
38.9897
50.4398
0
93.6208
98.3923
104.351
105.526
84.8064
44.9905
77.0044
82.8757
176.634
120.96
92.7258
63.4329
78.0233
78.6898
59.0399
82.8757
135.01
65.2214
24.2782
127.564
6.33939
19.8031
41.4306
148
112.016
101.31
110.141
3.01221
70.9025
44.9904
78.6898
149.04
153.433
135.01
101.31
63.4329
56.3168
0
0
116.567
0
161.561
147.387
149.04
154.98
144.047
135.01
129.289
171.871
8.12948
116.567
111.417
108.782
98.1295
97.3517
95.8255
106.702
81.8705
127.871
95.7098
108.439
161.561
63.4329
135.01
98.9722
104.038
18.4387
90
63.4329
135.01
90
0
44.9905
82.5133
86.4243
53.1363
0
0
145.015
171.871
154.98
2.48906
6.33939
18.4387
170.538
118.495
116.567
112.936
92.2307
79.1596
11.3102
32.839
30.9601
90
61.9272
9.46199
8.29655
9.6049
50.711
51.9569
71.9622
47.0205
119.395
163.085
159.678
147.187
99.8656
135.01
53.2823
135.01
110.03
52.4364
174.611
143.537
170.91
19.9206
16.8614
169.216
156.034
158.698
8.32506
168.996
54.4696
142.129
32.4655
98.3923
3.81339
5.19363
165.962
23.2028
9.46199
140.711
18.4387
172.406
165.734
4.0849
5.19363
172.999
178.153
55.0681
24.2316
122.729
154.176
162.894
151.39
158.194
83.6606
84.4015
124.209
73.7371
164.355
128.795
18.4387
116.567
120.96
108.439
149.04
35.5304
44.9904
108.439
71.5613
120.96
108.439
90
140.193
144.47
137.328
137.854
132.346
141.713
147.271
96.3394
5.19363
106.147
106.392
156.034
95.2805
97.5231
106.931
126.247
28.3008
73.2978
98.1295
44.9904
113.203
44.9904
81.0278
90
44.9905
114.448
135.01
23.2028
63.4329
0
59.0399
72.1563
79.0771
44.9904
0
0
96.3394
7.12427
172.569
8.12949
176.187
5.19363
114.448
92.4891
98.1295
93.0935
129.143
148.453
13.1215
21.934
91.2186
137.481
22.838
30.9601
81.8705
29.2181
82.6743
131.164
55.4711
98.5831
46.0187
2.51475
151.063
156.358
168.206
162.643
4.39796
17.5289
156.396
163.608
144.47
96.1147
53.1363
15.2573
116.567
30.9601
21.2549
168.69
28.4954
172.477
152.986
171.254
110.56
6.842
12.0954
3.0659
177.374
177.109
1.16889
1.57622
175.915
8.70685
179.012
167.644
4.30373
2.43616
173.797
33.4795
12.5296
135.01
157.829
168.69
147.345
132.283
86.6342
113.203
151.39
98.6151
30.9601
86.9878
0
81.8705
78.6898
108.439
108.439
90
161.561
44.9905
135.01
44.9904
75.9622
135.01
14.0378
63.4329
141.846
139.481
140.193
133.371
140.078
133.161
118.301
114.627
117.898
132.623
90
98.1295
91.7354
71.5613
30.9601
85.602
81.8705
71.5613
135.01
35.5304
69.4396
44.9904
90
123.683
158.194
173.661
44.9905
18.4387
72.5219
70.1489
62.5245
63.4329
0
0
156.797
93.8134
11.3102
170.538
111.806
36.8637
47.5936
38.4151
64.6507
77.1703
20.6633
2.20216
174.473
14.6227
165.464
23.5365
5.31375
52.9494
37.4
155.952
155.552
149.04
147.81
14.1376
62.4556
4.39796
3.17923
172.634
160.004
146.831
168.956
30.2228
149.802
126.58
101.909
60.257
125.53
175.856
44.1349
172.972
155.768
13.5717
140.331
166.865
85.6021
152.591
105.645
77.0044
37.5234
139.897
53.7531
8.97217
169.992
167.47
15.5264
177.798
2.35283
15.9479
165.577
160.342
22.3845
80.538
151.699
70.9025
30.0662
15.2573
49.3944
62.6489
120.96
135.01
113.203
124.985
144.934
130.82
144.47
135.01
44.9904
0
75.9622
90
0
135.01
44.9904
33.6832
44.9904
44.9905
44.9904
26.5671
120.96
135.01
144.28
148.575
139.761
144.47
148.397
0
117.898
116.836
108.439
111.166
114.721
0
135.01
101.31
78.6898
90
135.01
66.7972
74.0521
0
120.96
44.9904
18.4387
135.01
0
56.3168
81.4515
77.8806
7.12426
90
0
0
18.4387
158.745
162.471
164.743
55.3122
57.9997
63.4329
50.193
36.247
56.428
35.6157
178.247
162.42
123.172
60.257
58.5002
55.8302
53.3036
84.8064
54.9336
28.3008
120.254
96.9336
175.972
2.69728
155.952
107.775
170.595
35.9534
97.8633
170.728
25.4871
112.714
129.323
153.126
168.481
163.91
108.064
37.4
16.9306
154.98
44.9904
144.958
173.321
150.526
14.7455
68.6661
94.2046
103.738
63.9678
41.8282
18.0233
177.918
0.481369
0.954636
7.56073
1.06068
173.531
160.637
163.39
3.01221
141.117
11.3102
53.8273
26.5671
7.43069
16.3923
52.6
116.567
91.2728
66.4973
21.0419
81.6749
5.19363
94.7071
101.31
135.01
44.9904
63.4329
71.5613
0
90
90
108.439
18.4387
44.9905
96.3394
90
104.038
35.5304
156.246
133.836
136.901
163.069
148.453
133.761
100.008
115.02
107.024
109.416
113.633
157.376
158.958
56.3168
90
108.439
18.4387
108.439
90
18.4387
113.203
30.9601
125.53
78.6898
71.5613
75.9622
86.9158
87.8257
116.567
123.683
0
0
98.1295
19.8031
159.141
149.934
8.74565
44.9904
124.688
73.2978
38.4401
47.5936
79.3461
28.1135
39.8537
48.3589
125.304
5.70978
73.6077
142.501
23.0131
23.3036
175.463
137.675
133.812
19.6082
31.4858
142.906
134.35
24.6595
37.6428
26.0779
147.314
46.9006
144.873
170.357
161.499
168.086
156.339
156.379
12.3863
170.017
129.163
107.245
44.9905
179.326
158.194
20.2292
85.9151
77.2156
74.5365
171.592
145.433
120.781
174.806
155.552
113.203
75.9622
33.6832
64.6507
86.6342
157.615
14.0378
118.686
0
88.9193
96.3394
68.1942
80.538
0
7.12426
90
93.2391
90
120.376
175.602
71.5613
161.561
108.439
120.96
23.2028
161.561
18.4387
44.9904
90
161.561
18.4387
0
108.439
123.683
18.4387
14.0378
26.5671
127.871
138.725
130.82
135.01
136.213
142.129
106.116
129.034
53.5374
80.6402
97.1243
95.1936
135.01
135.01
0
0
94.3979
83.6606
44.9904
113.203
54.4696
127.871
18.4387
44.9904
76.3273
82.3603
87.581
54.4696
84.8064
0
0
86.3484
78.6898
148
90
147.534
0
37.7711
56.156
34.7485
32.1904
7.63263
27.8978
1.54784
21.5059
167.275
109.138
36.1957
173.812
176.711
94.0849
95.4395
112.385
106.263
154.98
86.3595
117.257
108.305
41.9956
90
75.3773
86.3093
37.9794
19.5408
13.3937
116.734
135.01
147.896
163.54
19.658
158.609
135.695
159.134
33.0495
171.871
103.08
12.9956
38.5142
59.2534
55.677
37.2292
80.8381
95.8255
176.497
141.585
139.394
140.193
135.01
117.898
120.254
0
108.439
82.9995
56.3168
91.2186
98.7457
98.9722
98.1295
78.6898
146.317
94.8983
130.368
154.98
121.755
63.9221
169.38
118.301
63.4329
90
161.561
30.9601
44.9904
18.4387
44.9904
0
44.9904
44.9904
26.5671
71.5613
96.3394
71.5613
78.6898
113.203
142.6
131.641
133.5
164.743
126.341
135.01
127.087
41.9956
75.3414
63.4329
66.7972
135.01
71.5613
44.9905
90
79.9922
79.9922
44.9904
101.31
116.567
63.4329
26.5671
44.9904
70.7653
67.0416
63.6744
141.342
120.96
0
0
77.4704
103.572
11.3102
92.9103
50.4398
47.3769
36.1633
58.9066
21.8058
27.8978
29.9115
104.351
39.5969
153.433
48.607
32.0874
62.903
49.2316
43.2897
123.191
79.6952
47.8538
48.6455
23.6335
112.016
60.6436
89.5819
17.5958
9.24573
61.9272
132.239
97.0372
68.7776
110.7
93.1054
98.5686
135.01
161.561
81.9782
132.088
134.535
152.667
176.01
155.355
117.568
179.409
158.958
119.474
136.629
27.3104
34.4847
19.183
44.9904
79.2156
44.9904
90
161.561
57.5345
79.6952
44.9905
13.5717
35.7818
34.2797
152.849
127.609
102.996
83.6606
98.9722
44.9905
71.5613
105.257
101.31
104.745
97.1243
32.0003
84.4286
63.4329
71.5613
26.5671
116.567
71.5613
0
0
0
71.5613
63.4329
44.9904
161.561
135.01
135.01
111.806
90
108.439
135.01
137.194
145.312
78.6898
144.218
168.69
78.6898
69.7708
34.9846
142.129
18.4387
135.01
0
35.5304
73.6077
78.6898
135.01
66.7972
8.12948
108.439
44.9904
0
79.1435
72.7153
48.5694
126.864
161.561
0
0
160.013
147.345
126.02
135.01
32.1904
71.1842
127.4
155.79
15.4635
77.1514
136.097
66.1303
69.4747
92.6021
65.4686
159.619
178.603
54.5903
116.567
66.7972
59.7772
14.9334
72.1615
59.848
118.017
11.4542
69.352
139.394
135.01
60.3519
131.234
85.6339
48.4609
85.031
106.753
123.334
162.346
152.743
85.0616
6.70906
81.21
119.496
165.19
163.591
163.019
172.418
155.391
5.61677
23.6746
169.811
166.594
163.795
148.881
126.341
157.376
161.561
8.97217
19.8031
38.2868
96.7091
129.56
130.606
66.7972
160.459
108.918
115.563
44.9905
84.8064
94.398
66.7972
55.7203
33.4332
149.04
136.326
129.807
143.849
127.72
135.01
71.5613
83.6606
44.9904
0
0
0
90
78.6898
18.4387
116.567
135.01
111.806
135.01
144.47
71.5613
44.9904
144.47
145.627
133.704
36.8637
126.112
114.079
107.304
90
111.375
68.1941
114.448
63.4329
44.9904
75.9622
74.0521
153.433
99.462
0
64.9798
18.4387
68.1941
86.3625
88.3638
0
9.46199
135.01
0
0
135.01
63.4329
65.7684
113.203
94.398
126.378
166.503
82.695
31.9616
177.248
159.223
59.3036
133.551
63.2153
97.1985
48.7087
23.6335
2.48906
5.75375
133.272
70.5256
15.3237
19.3272
61.1898
95.8631
19.6162
55.6501
160.684
129.807
113.931
51.6742
64.3135
80.8826
21.8058
46.0187
73.6077
135.01
0
41.4306
62.2807
68.0807
43.4999
141.523
31.3118
6.83023
164.132
142.217
177.386
28.3727
177.789
153.884
137.377
123.141
118.664
165.577
159.619
177.511
35.5304
168.69
167.47
161.561
146.011
106.308
32.1198
84.8064
104.745
38.6575
168.69
116.567
66.0336
79.3803
110.229
67.162
123.683
91.3319
108.439
94.3037
149.04
23.2028
33.6832
0
0
0
0
90
81.8705
44.9904
123.683
135.01
108.439
135.01
161.561
33.6832
135.01
15.2573
93.8134
120.321
130.715
122.466
148.097
118.705
96.3394
103.242
84.8064
116.567
126.864
98.1295
82.8757
81.8705
161.561
135.01
153.433
102.996
116.567
68.4941
79.6952
82.285
143.136
83.6606
161.561
0
0
53.5904
29.9794
34.2085
57.9312
174.56
143.233
67.1051
48.9518
37.4875
145.312
79.9508
29.7429
154.581
47.7614
113.338
18.4387
20.8589
33.8501
88.9951
65.7903
82.9108
66.4436
6.61267
99.1298
53.0107
85.3653
52.7212
151.285
142.634
158.4
46.2884
74.6476
68.5356
35.3874
13.093
31.3687
135.01
76.2624
14.6227
107.245
86.6342
61.8582
105.645
83.7589
94.82
59.6073
85.5299
3.81339
67.4315
79.2868
90.6686
97.458
96.7202
98.1295
168.69
128.287
145.312
26.5671
116.567
114.448
44.9905
94.8983
118.739
10.6197
62.77
56.3168
48.8078
168.69
103.394
88.4522
118.739
5.19363
0
71.5613
127.499
155.221
100.886
126.864
135.01
168.69
135.01
0
0
44.9904
63.4329
81.8705
108.439
108.439
171.871
0
161.561
126.864
78.6898
120.96
135.01
53.1363
43.2458
21.5059
149.04
52.1294
113.754
120.215
32.0003
100.008
120.96
135.01
108.439
90
99.462
161.561
135.01
111.806
90
105.257
65.2622
65.6488
68.1941
63.4329
81.8705
26.5671
0
0
19.5964
122.466
24.1494
74.7427
16.3923
81.1741
71.5613
80.4878
95.9053
65.1329
70.2418
98.7457
51.6699
179.17
94.6851
53.7091
15.1666
72.8444
40.0906
29.1558
100.175
132.749
151.012
80.0281
135.665
64.5552
50.2326
148.397
124.741
110.327
106.192
5.06282
59.5374
69.6516
13.497
162.296
155.552
107.45
124.688
87.3167
93.3658
92.5786
84.7384
86.3023
32.2371
59.6792
44.9904
109.987
102.062
48.4092
81.8705
114.38
117.746
119.18
114.448
86.6342
168.69
158.958
108.439
84.8064
44.9904
88.6031
100.62
40.6056
67.1051
97.4307
147.534
150.946
87.2742
92.6021
6.33939
41.8282
33.4332
167.735
18.4387
77.5492
163.069
107.991
0
135.01
135.01
90
18.4387
26.5671
44.9904
90
161.561
108.439
44.9904
116.567
108.439
101.31
116.567
135.01
0
72.4042
52.3238
172.569
124.985
64.9798
150.257
120.254
126.247
88.3638
44.9905
135.01
108.439
104.038
135.01
161.561
0
135.01
9.46199
135.01
77.2279
73.9651
61.2607
44.9904
95.1936
0
0
0
66.2052
15.3978
166.184
118.073
14.351
54.3006
93.6907
115.909
153.176
66.1573
108.804
14.4458
21.0419
124.555
82.8757
78.0702
46.8196
44.3459
31.6352
138.359
17.5289
172.525
141.372
119.29
3.25133
60.2302
66.7972
122.087
86.4243
52.4364
140.273
177.398
87.7098
93.8134
68.4941
150.071
125.21
98.3433
156.246
70.1288
82.8757
95.5591
77.7836
81.7199
73.6922
66.6046
15.3978
101.514
105.645
70.5981
100.84
127.014
107.451
100.287
76.6063
83.6606
59.0399
75.9622
63.4329
135.01
168.69
66.0336
41.2341
164.743
129.024
135.01
154.98
110.56
93.0122
88.7814
153.433
76.217
77.0044
77.6185
173.661
112.838
1.1689
80.1667
123.683
71.5613
116.567
90
44.9904
18.4387
44.9904
135.01
0
120.96
146.317
56.3168
11.3102
36.8637
90
156.797
173.661
78.6898
75.2545
157.105
128.658
132.519
32.4655
75.0666
109.49
44.9905
86.9878
129.289
104.933
110.56
173.661
161.561
9.46199
135.01
114.448
102.996
110.023
118.179
133.787
135.01
57.8096
16.7022
0
0
80.0364
80.3951
82.8757
61.0916
52.6
80.3115
161.561
164.014
153.433
14.2389
97.7645
122
177.398
85.2371
107.68
147.534
48.92
33.3341
126.696
58.1774
56.1007
22.4374
112.156
99.3167
65.9519
87.7978
107.529
69.7708
90.5208
93.6516
95.3885
77.0044
120.576
93.3103
72.6427
144.097
98.3923
81.6749
102.53
76.6063
74.2998
91.5908
87.3027
107.51
66.3053
69.5914
175.856
125.345
129.669
82.8757
123.049
97.5231
87.8582
88.2646
97.1243
116.567
33.6832
41.4306
0
29.0536
8.12948
71.0496
80.0364
159.673
117.963
135.01
165.962
140.193
55.8927
76.8263
15.2573
129.289
171.327
21.5059
90
135.01
95.3885
154.98
129.052
135.01
78.6898
101.31
149.04
153.433
135.01
44.9904
18.4387
44.9904
71.5613
11.3102
33.6832
44.9904
149.04
0
0
88.9055
84.8064
146.317
128.658
132.406
127.298
96.0717
83.158
83.6606
101.31
63.4329
98.7457
100.305
66.7972
4.39796
149.04
135.01
120.066
63.4329
133.761
131.828
137.784
149.799
53.1363
28.855
0
0
93.1792
172.569
30.5072
53.8877
111.806
147.534
49.534
152.649
84.858
47.7175
86.2854
8.67265
162.436
132.623
127.621
146.963
76.5559
57.853
123.073
99.6049
72.1563
24.8328
92.6892
89.4054
155.803
149.777
135.01
14.4542
77.399
113.591
36.4626
83.9284
81.8705
95.1936
95.4395
144.47
104.678
86.3262
113.203
87.2742
80.189
85.6021
94.398
138.758
59.884
71.1429
18.4387
131.431
127.179
132.806
88.6031
93.1358
87.9204
87.0836
63.4329
90
92.7258
108.439
108.439
170.538
150.257
73.2978
61.0163
7.43069
118.393
114.308
176.187
156.797
41.6411
44.9905
116.567
50.193
71.5613
42.7184
144.47
90
87.6632
116.567
90
56.3168
44.9904
44.9905
81.8705
33.6832
11.3102
18.4387
44.9905
135.01
78.6898
63.4329
44.9905
135.01
135.01
161.561
71.5613
86.5113
88.1286
101.31
114.448
119.406
107.382
94.3037
70.5559
63.4329
135.01
164.052
86.6342
94.0849
90
98.1295
82.8757
36.8637
63.4329
44.9904
60.9464
99.3232
133.761
154.549
0.578598
125.53
0
0
33.6832
61.9272
47.1936
72.9764
162.027
138.496
141.793
35.7202
46.9006
137.428
68.561
26.5671
144.735
127.979
26.5671
114.932
78.261
75.9622
98.6151
93.4467
112.421
163.41
76.0421
76.7583
96.9522
135.01
153.809
170.863
51.172
2.29015
12.0312
157.376
60.257
83.7663
92.7258
127.871
90.6584
86.8208
112.936
93.7423
91.2919
71.5613
99.6373
178.959
65.8506
75.1581
65.5523
105.805
116.567
124.943
7.30502
81.9734
88.348
90
84.8064
51.3425
73.6077
108.439
161.561
66.7972
177.879
87.0717
63.9086
86.4684
55.6269
69.2234
81.8705
0
103.242
126.247
59.0399
71.5613
69.4396
40.2393
105.526
90
130.43
160.999
102.53
131.315
14.0378
171.871
82.8757
0
135.01
44.9904
104.038
116.567
135.01
156.797
0
108.439
0
173.661
48.0044
68.9118
74.3181
90
116.567
77.0044
70.4152
67.6761
108.439
113.203
135.01
97.4307
108.439
114.448
108.439
173.661
33.6832
40.6056
32.4655
14.0378
102.725
83.6606
120.96
151.699
115.855
84.8064
0
0
1.97453
63.4329
21.8058
47.0612
126.668
82.5693
46.9328
66.7972
105.711
50.9071
43.5289
170.538
104.239
132.848
137.377
9.78216
59.0399
111.806
61.4847
122.899
154.68
178.821
52.2452
57.904
164.636
147.101
43.3713
154.98
5.47656
97.1243
22.3845
96.1694
51.9851
66.9702
112.385
178.025
51.2439
82.1175
75.9622
95.1936
117.855
150.463
75.4093
61.9904
73.6612
84.6862
139.761
75.9622
127.689
107.357
79.3803
93.68
89.0197
90
112.385
86.9878
57.5345
135.01
0
94.7629
90
94.1506
137.402
45.5907
23.5564
28.855
66.7972
44.9904
152.353
152.817
146.317
146.317
118.301
164.536
41.6411
152.102
140.711
78.4074
170.134
109.294
44.9905
74.7427
95.1936
26.5671
155.552
119.054
113.203
23.2028
0
0
81.8705
18.4387
101.31
59.0399
74.6476
68.5997
51.2054
135.01
135.01
79.9922
71.9767
51.7925
124.688
93.8134
90
115.713
33.6832
110.56
87.8793
29.0536
29.0536
65.5523
44.9905
146.317
94.398
107.024
14.7455
65.9206
67.4921
52.7708
0
0
23.2028
145.015
57.1009
32.9632
91.3745
77.1053
93.1444
110.97
24.642
47.218
34.3079
71.5613
84.0947
115.349
105.711
109.541
144.76
8.26657
54.8732
10.1754
148
27.7193
53.4541
19.5408
77.4704
57.2311
95.0123
75.9622
168.69
106.246
144.47
72.4711
62.3532
120.066
179.145
3.8998
28.8858
100.222
49.3115
91.1015
125.763
140.04
31.4252
82.7947
75.424
79.778
36.8637
28.3008
59.0399
98.2261
80.4174
96.527
90.4121
88.7814
66.0336
81.8705
116.567
44.9905
78.6898
90
176.988
95.9917
175.504
70.6061
12.5296
109.803
32.4655
157.615
118.301
96.3394
99.1619
66.7972
168.69
138.004
135.01
18.4387
98.1295
107.991
171.871
81.6749
61.6992
28.3008
90
0
32.4655
71.5613
135.01
44.9904
161.561
149.04
71.5613
135.01
153.433
44.9904
88.0523
86.9522
111.042
26.5671
90
84.5432
83.7373
86.1866
84.8064
122.466
126.463
120.96
119.054
98.1295
100.62
135.01
146.317
135.01
90
0
79.6952
90
34.6878
88.3943
78.5357
169.825
0
0
2.00212
172.717
50.711
140.193
97.7645
115.1
107.596
150.804
49.8108
105.257
22.6981
24.2782
95.1936
79.6952
96.3394
158.698
1.14552
99.6885
63.2873
22.4613
121.686
50.3759
77.8185
66.1573
49.948
8.86414
178.781
49.8966
174.806
111.725
171.194
61.6992
83.9918
51.7132
47.2816
157.615
47.8538
0
24.9082
82.8757
105.645
120.674
143.434
86.0098
72.6778
69.7708
72.3465
6.842
87.4367
103.956
116.567
79.2285
86.7145
87.9254
81.0278
85.6021
108.439
135.01
0
167.735
10.3048
114.232
2.23073
73.4098
70.1969
143.888
138.685
0
11.3102
14.6227
24.4477
116.567
119.054
64.023
27.1228
140.711
59.0399
138.808
95.355
149.04
122.361
44.9905
90
60.9464
44.9904
135.01
53.1363
44.9904
161.561
135.01
78.6898
44.9905
78.6898
38.6575
81.0648
85.7213
123.683
135.01
52.3572
73.8283
78.8569
108.439
44.9904
90
124.985
102.996
122.466
0
115.563
143.753
149.04
135.01
120.96
30.9601
83.158
92.2902
173.661
78.8569
82.8235
153.433
0
0
173.02
159.838
28.1418
85.4268
90.7072
99.462
114.721
6.842
130.92
16.7022
176.634
120.463
37.8706
98.1295
1.0807
162.894
53.4335
60.726
93.3658
149.04
126.864
43.0562
110.041
44.9904
42.1462
161.561
161.561
34.179
163.608
125.626
3.36583
31.7547
5.90533
136.782
99.462
111.806
76.7584
32.0003
138.808
40.2393
102.32
117.898
131.737
98.3251
102.095
150.644
55.3122
164.98
95.1014
102.301
108.142
95.2616
98.1685
95.7479
90
113.203
116.567
0
49.5703
10.8404
142.859
153.433
132.283
93.6516
92.1207
126.247
113.556
127.4
91.6362
50.193
132.519
116.567
101.31
112.385
156.157
36.3776
175.602
104.038
93.8134
52.1294
93.7423
156.797
63.4329
90
153.433
71.5613
59.0399
90
0
90
0
135.01
81.8705
60.7524
70.9149
74.1216
26.5671
29.0536
61.0608
66.7134
65.5523
108.439
96.3394
105.948
90
99.6885
173.661
122.466
153.433
141.713
139.394
122.466
150.946
174.806
83.6606
94.7629
54.2182
65.8752
73.0694
44.9904
0
0
38.7946
18.4387
22.0723
60.0206
69.1747
73.4714
74.2464
7.12426
60.2571
56.0106
116.567
129.289
161.561
38.0149
10.8404
97.5607
75.5775
138.808
166.058
157.805
117.475
117.759
35.426
49.2459
40.4297
146.465
166.121
45.7329
149.268
129.7
8.91446
21.1179
152.474
100.376
64.2099
153.822
108.117
91.0049
104.038
81.8705
97.1243
80.2178
98.9722
98.7969
117.182
164.98
60.5257
160.765
103.394
82.1651
85.0505
141.549
106.908
99.9908
104.038
71.5613
59.0399
44.9905
104.423
131.641
85.1017
18.4387
29.0536
129.989
160.556
16.3923
0.881219
165.255
102.53
143.622
33.6832
20.5604
8.12949
167.47
169.38
167.47
90
90
128.154
145.791
119.406
129.686
78.6898
161.561
135.01
104.038
161.561
116.567
44.9904
135.01
135.01
56.3168
44.9904
74.195
71.7924
76.8649
165.962
77.0044
81.0278
76.738
59.6237
135.01
90
63.4329
44.9905
108.439
105.645
108.439
92.7258
143.136
125.53
112.385
0
149.04
68.1941
92.4891
78.0233
70.7833
61.5046
56.3168
0
0
49.5101
6.842
27.8978
102.095
101.041
84.1312
41.7373
165.255
111.576
89.1932
158.194
142.6
87.581
58.3971
104.536
84.2521
136.188
19.3389
7.21352
131.973
118.81
4.31529
46.5547
57.9579
63.4329
105.02
175.427
47.1521
127.298
127.758
15.9479
9.6049
102.601
71.7924
49.8052
152.683
124.441
137.139
34.6038
48.6455
98.7457
93.6516
32.4655
87.381
80.538
29.5761
105.692
32.8991
104.638
67.4991
66.9702
9.61943
104.85
97.6179
112.895
93.8134
44.9905
63.4329
167.275
146.317
173.661
63.8507
47.0008
131.339
19.5408
33.0176
151.505
129.884
118.073
175.237
10.0078
135.01
33.6832
30.9601
46.7017
8.00409
143.136
135.01
140.711
83.0197
173.661
102.919
99.462
44.9905
171.871
111.806
71.5613
71.5613
90
135.01
116.567
68.1942
90
85.1017
84.5004
92.2902
149.04
47.7175
78.261
81.5294
66.7972
63.4329
6.33939
147.534
155.552
90
106.56
125.53
109.294
44.9904
100.491
101.31
0
153.433
57.5345
66.0336
87.2303
88.238
116.567
135.01
0
0
37.8706
33.6832
35.0664
157.007
87.6145
63.6079
11.8892
84.2902
120.376
91.9745
36.4626
85.1568
64.7295
112.072
55.7461
115.977
147.271
85.8158
7.43069
68.7679
135.681
178.265
42.2825
111.979
179.256
170.218
86.1866
48.1718
148
148.54
3.65155
124.985
84.5605
75.0029
53.5374
144.873
149.577
150.644
170.34
36.0203
89.5994
69.4396
12.5296
74.9796
76.0776
34.7887
113.203
106.507
95.4766
71.2548
67.8928
14.1474
105.149
106.495
136.555
125.53
63.4329
97.1243
77.4704
101.889
73.884
63.1021
62.0373
112.447
67.4751
106.192
60.3973
66.3665
83.6606
41.1922
149.04
100.491
90
18.4387
93.3103
147.534
83.531
0
0
114.448
169.695
81.5294
138.172
18.4387
56.3168
71.5613
113.203
26.5671
135.01
0
63.4329
111.806
52.8591
74.812
82.0113
102.996
125.53
61.5874
67.5795
68.716
0
90
78.6898
96.3394
108.439
18.4387
119.929
124.373
97.305
116.567
102.265
113.203
135.01
56.3168
115.02
67.162
72.6688
79.5086
44.9905
71.5613
0
0
42.2825
33.1911
26.3605
101.497
71.5613
55.5889
122.12
79.6242
133.099
105.02
10.0078
52.1817
61.145
16.3923
2.60205
115.618
75.6169
28.4259
14.5822
164.405
29.4743
152.525
75.3773
9.37173
169.114
128.99
99.5664
78.6898
2.86185
142.28
120.576
88.2646
82.7865
90
120.96
19.658
132.623
90.451
66.6267
7.81462
66.2933
49.3115
0
53.0107
76.8264
54.9336
95.5267
93.9175
85.5399
82.0651
77.5386
113.754
89.0245
99.6172
119.388
108.73
44.9904
104.038
131.641
74.3554
88.4522
67.9013
50.193
117.647
23.2028
66.5912
105.257
74.5756
67.8292
165.962
33.105
44.9905
66.7972
11.3102
140.492
163.977
44.9904
139.08
78.6898
141.585
100.008
156.567
120.96
44.9904
0
171.871
99.462
116.567
90
78.6898
149.04
90
66.2933
63.6027
60.8037
63.4329
116.567
75.845
71.3544
48.8078
0
81.8705
135.01
71.5613
90
98.1295
92.4891
93.3658
124.985
115.02
114.448
115.563
128.658
102.996
135.01
81.1587
68.3396
59.9338
135.01
135.01
0
0
53.5374
49.1295
105.257
72.9986
81.1587
74.7427
118.495
96.225
164.743
149.195
13.9363
77.1948
137.037
45.8277
143.537
78.6898
70.5844
67.9843
20.5604
102.53
97.2524
151.39
118.01
136.037
44.9904
86.0825
97.6326
108.439
129.56
62.3532
52.9953
34.1073
95.1224
123.003
156.034
146.553
21.4721
56.3168
42.2825
33.2684
63.5669
60.257
162.976
43.7043
73.4401
40.4297
84.4357
62.1022
91.1532
87.581
88.6364
68.1019
73.6655
64.7437
49.3278
76.9296
129.807
11.3102
19.658
8.47058
67.1992
85.463
72.266
124.518
154.589
57.2217
110.348
90.4981
50.4398
68.9581
36.247
151.39
44.9905
36.8637
44.9904
91.1689
99.462
71.5613
36.8637
18.4387
96.5812
0
81.1359
63.4329
59.0399
78.6898
65.5523
0
14.0378
44.9904
0
98.1295
81.6219
75.1716
48.1718
44.9904
29.0536
69.2234
77.4268
44.9905
123.683
116.567
26.5671
156.797
90
135.01
3.81339
135.01
120.066
121.425
174.806
64.9798
111.806
102.53
18.4387
82.35
79.8041
78.6898
161.561
120.96
0
0
60.6124
127.871
48.5694
79.5923
93.5929
84.5004
122.466
102.939
60.175
3.25661
125.935
95.1936
61.1142
58.1389
63.944
85.602
96.0324
85.9151
3.57568
97.8825
82.0737
31.6708
160.053
161.775
170.248
22.6242
96.0082
122.613
159.44
54.8732
47.8069
167.195
107.406
139.285
149.21
140.44
9.27222
74.6569
108.439
86.1866
78.5624
68.8708
163.808
46.3573
75.7724
125.53
83.6084
33.6832
105.645
80.0225
86.3922
72.7553
71.8889
60.8335
20.6633
37.499
75.9622
11.3102
82.5693
13.3937
81.0278
106.392
98.8293
98.9145
119.743
97.2743
75.3093
83.3209
124.985
98.6151
135.01
41.8282
146.317
125.53
135.01
118.739
132.963
104.038
135.01
135.01
126.696
137.854
122.587
138.004
165.962
54.4696
0
129.807
108.439
44.9905
161.561
47.5936
77.1777
82.4061
44.9904
25.0202
54.6271
63.5979
74.4736
156.797
65.5523
18.4387
111.806
75.9622
0
149.04
63.9221
158.194
117.759
118.301
152.353
144.47
125.53
103.394
42.7184
73.2611
84.0202
5.19363
99.462
135.01
0
0
174.036
59.4734
75.7611
91.7711
102.53
110.902
50.711
85.118
66.7972
108.439
89.0124
28.1418
56.3168
51.0103
82.1854
107.908
109.363
111.129
159.859
76.4555
78.6898
71.0257
20.4372
157.475
148.694
156.797
39.289
92.7258
174.095
82.4769
103.842
144.47
156.797
123.989
148.786
146.048
155.552
51.5492
30.674
55.2586
68.2513
52.0325
3.09348
25.8691
73.9863
83.4188
82.2261
26.0779
124.951
62.417
69.0459
82.5693
76.4662
70.5805
18.4387
165.962
40.9197
165.962
109.183
1.54784
121.369
97.305
107.483
35.3038
37.8706
127.024
87.7098
103.326
111.506
111.806
167.004
0
112.385
135.01
101.31
98.1295
95.7098
99.462
87.2742
78.6898
119.054
80.3627
160.862
99.8878
6.33939
90
71.5613
97.1243
146.317
66.7972
90
65.9519
69.3486
79.6242
25.0202
44.9904
75.845
72.1178
42.2825
60.257
63.4329
59.0399
135.01
18.4387
71.5613
116.567
75.6981
2.41903
116.744
130.032
105.257
98.9722
68.1942
70.0127
72.8941
69.2495
72.9764
116.567
86.1866
56.3168
0
0
90
90
90
90
90
90
90
90
90
90
90
90
90
90
90
90
90
90
90
90
90
90
90
90
90
90
90
0
90
90
90
90
90
90
90
90
90
90
90
90
90
90
90
90
90
90
90
90
90
90
90
90
90
90
90
90
90
90
90
90
90
90
90
90
90
90
90
90
90
90
90
90
90
0
90
90
90
90
90
90
90
90
90
90
90
90
0
90
90
90
90
90
90
90
90
90
90
90
90
90
90
90
90
90
90
90
90
90
90
90
90
90
90
90
90
90
90
90
90
90
0
