0
0
90
90
90
270
270
270
90
90
0
0
270
90
90
270
270
90
90
90
270
270
270
90
90
270
270
90
90
270
90
90
90
90
90
90
90
90
270
270
270
90
270
270
270
90
90
90
270
90
90
270
270
270
90
270
270
270
90
270
270
90
90
270
270
270
90
90
90
270
90
90
90
90
270
0
270
270
90
90
90
0
0
0
270
270
0
90
270
270
0
0
90
90
90
270
270
270
270
90
90
90
270
270
270
90
0
270
90
90
270
270
270
90
90
90
90
90
90
90
90
0
180
135.01
135.01
104.038
135.01
251.561
251.561
270
108.439
81.8705
341.561
236.317
213.683
115.02
183.366
224.99
18.4387
355.915
88.0255
164.052
277.594
315.01
329.04
108.439
168.023
142.771
8.12948
92.0696
92.4891
289.045
2.38547
16.3923
38.8095
11.9213
47.4276
80.0184
67.5162
46.0968
325.218
307.245
301.635
180
261.871
278.129
270
59.0399
66.214
42.1462
315.579
298.301
100.84
315.01
268.959
263.048
68.1941
0
309.645
284.038
201.042
183.366
204.448
158.194
165.962
183.366
201.806
210.96
78.6898
52.6
16.3923
344.052
33.6832
44.9905
60.9464
44.9905
288.439
224.99
272.726
305.53
53.1363
11.3102
44.9905
0
0
0
270
270
0
81.8705
315.01
260.538
101.31
40.9197
44.9905
52.5447
277.124
246.797
238.676
239.04
251.561
38.6575
37.4
32.1904
255.962
249.3
233.753
135.01
90
296.567
81.2543
93.3658
251.561
257.47
302.466
18.4387
104.536
115.909
108.439
66.7972
59.0399
68.1941
65.5523
0
0
7.69536
331.699
288.439
168.69
209.054
153.433
0
239.04
161.561
180
203.203
41.8282
10.6197
315.01
53.1363
32.0568
342.213
321.342
173.661
224.99
238
44.9905
0
303.683
96.7091
59.6792
38.3644
132.406
251.561
17.9314
0.61593
54.4055
29.8305
6.33939
58.8388
56.7748
88.6681
51.9151
301.66
290.204
315.01
348.69
307.871
288.439
113.203
83.1343
70.1406
280.421
269.17
118.61
176.634
251.561
283.572
79.9922
40.2393
307.871
293.203
286.702
198.439
198.439
161.561
123.683
44.9905
224.99
186.339
95.1936
74.3554
0
270
96.3394
90
101.31
108.439
270
239.04
255.962
270
75.9622
18.4387
341.561
315.01
0
0
270
270
0
171.871
174.806
258.69
68.1941
69.7709
61.3899
44.9905
235.791
232.976
229.632
224.99
63.4329
54.8732
36.8637
254.743
237.387
238.397
288.439
56.3168
78.6898
14.0378
63.4329
270
246.497
229.394
18.4387
321.342
161.561
119.576
102.381
65.5523
23.2028
61.6992
53.1363
0
180
90
278.746
288.439
0
270
90
56.3168
326.317
0
0
14.0378
80.538
0
285.645
73.853
63.0588
339.321
309.807
307.643
239.746
184.398
86.6342
315.01
285.948
80.538
75.4324
348.178
247.376
85.3339
34.9319
1.39689
43.0224
52.4553
348.206
46.5618
52.0206
271.79
119.374
325.821
299.467
305.155
113.203
275.194
284.038
46.3258
69.1305
63.0326
280.601
284.174
87.8793
74.7427
281.31
315.01
68.1941
62.3532
296.567
283.628
295.02
308.658
284.038
81.8705
69.4396
5.19363
299.743
0
77.2748
71.5613
305.53
275.194
90
98.1295
153.433
135.01
224.99
230.711
230.711
180
113.203
116.567
315.01
288.439
44.9905
0
281.31
270
0
348.69
348.69
270
54.7898
64.117
69.0978
241.505
242.02
237.101
235.312
25.7128
42.4642
54.9336
246.797
242.353
235.132
258.69
5.19363
355.602
258.69
146.317
108.439
241.39
259.695
44.9905
32.4655
329.04
315.01
78.6898
82.7475
54.4696
329.04
90
90
0
180
168.69
214.209
218.657
44.9905
353.661
348.69
125.53
135.01
341.561
270
224.99
96.0082
71.5613
344.743
79.0458
111.89
137.037
283.315
276.604
258.69
44.9905
26.5671
266.187
215.53
67.9277
93.8134
214.912
338.625
50.355
36.9133
10.2786
25.9918
49.8413
348.69
63.0326
75.9622
248.772
174.29
125.752
282.23
285.236
329.04
239.04
303.683
60.3593
49.1721
319.968
262.147
310.123
358.568
300.254
234.17
129.289
77.4704
73.6077
254.474
254.897
248.194
237.534
270
66.7972
101.31
135.01
273.813
341.561
85.1017
83.158
275.194
275.194
83.6606
75.9622
23.2028
30.9601
322.129
290.56
324.47
15.2573
24.4477
26.5671
333.433
296.567
44.9905
0
288.439
296.567
315.01
108.439
270
36.4626
50.3312
49.2004
315.01
238.397
241.699
244.287
44.9905
39.6864
37.499
224.99
224.99
232.949
224.99
120.96
168.69
201.806
255.962
48.1718
53.1363
247.162
246.797
47.3769
32.4655
328
295.909
106.702
108.439
118.61
258.69
85.602
116.567
180
0
310.606
260.538
161.561
71.5613
26.5671
329.934
305.53
158.194
191.31
180
44.9905
65.3196
23.2028
40.9197
93.3658
150.071
152.525
220.086
264.806
5.35502
0
322.129
276.842
39.807
49.7607
65.2214
224.99
72.9764
67.1736
60.853
58.3971
40.0325
244.651
207.735
174.346
172.93
226.989
228.217
144.413
194.942
257.515
303.683
44.9905
270
90
114.779
229.951
177.04
341.561
352.695
302.314
280.491
86.9878
92.4891
185.527
224.99
247.064
247.376
239.04
26.5671
37.8706
44.9905
120.96
245.552
210.96
101.31
111.375
230.711
236.317
90
84.8064
63.4329
44.9905
299.054
272.726
0
59.0399
44.9905
26.5671
300.96
315.01
18.4387
0
300.96
300.96
288.439
180
180
66.5912
62.1022
29.7429
233.332
230.599
236.828
108.439
59.3526
44.9905
345.962
240.378
233.332
234.47
324.47
44.9905
243.433
0
24.4477
66.2465
243.433
262.305
44.9905
55.3122
128.287
232.129
262.236
168.69
105.948
98.5302
8.12948
53.1363
224.99
180
180
245.851
210.96
11.3102
111.806
113.966
284.038
293.966
21.0419
343.608
9.46199
80.538
126.463
162.894
96.7091
23.2028
289.363
173.454
193.326
63.739
21.9789
331.783
316.901
335.851
44.9905
41.7682
295.977
35.5304
52.8591
58.0281
43.4165
34.8171
305.53
232.311
214.639
188.615
175.401
176.581
239.153
192.363
169.584
222.167
257.124
156.797
243.433
103.104
162.132
237.658
153.215
152.056
170.446
238.397
249.223
96.842
196.702
213.683
202.171
222.888
264.806
315.01
135.01
119.054
161.561
135.01
263.661
270
91.7354
98.1295
261.871
18.4387
38.6575
52.1294
75.9622
81.8705
275.194
265.602
135.01
98.1295
90
90
270
315.01
0
0
296.567
278.129
270
0
43.4165
52.7977
47.1521
253.608
236.521
228.645
231.343
49.7607
48.4263
44.9905
224.99
234.667
239.04
108.439
270
251.561
26.5671
14.0378
52.6
44.9905
235.961
175.602
67.8292
282.996
93.3658
306.864
285.02
288.439
98.7457
97.2525
116.567
101.31
315.01
0
180
239.934
90
180
180
122.899
158.194
270
81.8705
270
288.439
168.69
176.988
154.287
111.452
124.688
271.219
318.939
358.025
83.2703
65.6488
308.613
318.702
10.8565
8.27529
273.012
38.0849
47.8538
33.7979
35.3805
24.0481
264.806
223.176
224.531
218.657
195.41
173.199
165.315
191.204
221.68
140.355
188.426
233.622
135.01
270
104.908
170.218
243.25
146.317
154.589
177.317
201.042
193.3
143.98
195.424
218.99
201.042
183.813
180
243.433
210.96
120.96
108.439
44.9905
306.864
336.797
78.6898
83.6606
288.439
60.9464
44.9905
18.4387
44.9905
180
209.054
253.608
26.5671
81.8705
71.5613
0
296.567
315.01
224.99
161.561
224.99
281.31
315.01
40.6056
60.0206
53.1363
283.572
244.651
241.798
247.615
44.9905
44.9905
19.9873
239.04
226.326
235.312
288.439
270
215.53
191.31
96.3394
224.99
102.265
241.699
271.397
67.8292
79.9922
279.462
69.4396
270
278.615
285.645
113.633
112.114
122
66.7972
18.4387
0
0
303.683
44.9905
198.439
135.01
90
95.1936
276.339
206.567
171.871
224.99
348.69
3.36583
20.2292
118.739
164.052
186.632
48.0044
1.57622
54.3888
85.4147
256.491
319.57
35.6632
333.685
330.352
43.2829
52.9494
35.6481
56.3168
235.627
218.883
217.505
222.16
220.393
198.439
198.439
224.99
251.561
315.01
161.561
203.203
276.339
26.5671
44.9905
132.572
179.421
218.415
143.136
161.561
208.301
194.038
144.47
176.424
190.175
207.475
185.194
144.47
165.962
224.99
333.433
78.6898
135.01
135.01
239.04
0
83.6606
90
224.99
111.042
98.1295
224.99
270
257.004
224.99
149.04
341.561
90
96.3394
251.561
0
296.567
276.339
90
236.317
194.038
78.6898
53.3321
71.2776
115.204
232.357
236.696
252.346
46.2131
40.7996
24.7786
233.753
245.692
243.433
341.561
315.01
285.257
296.567
26.5671
75.9622
29.0536
90
219.807
236.317
53.1363
18.4387
270
186.339
192.725
217.871
270
123.683
102.62
95.7098
44.9905
71.5613
0
0
307.871
0
18.4387
0
21.8059
90
39.807
1.4685
345.577
0
307.871
99.462
44.9905
358.025
336.797
78.6898
85.8731
49.5101
38.9443
35.9026
295.713
27.7773
51.2054
337.225
347.828
33.369
65.0276
106.702
210.254
220.689
217.118
218.085
228.426
0
241.699
165.962
191.31
198.439
71.5613
278.129
0
270
0
78.6898
0
281.31
224.99
150.946
149.04
258.69
18.4387
180
0
355.602
338.958
23.2028
4.39796
6.33939
14.0378
0
341.561
44.9905
116.567
198.439
120.96
85.9151
74.7427
278.129
99.462
108.439
180
53.1363
325.627
306.02
63.4329
26.5671
0
81.8705
270
224.99
206.567
329.04
341.561
276.339
288.439
57.345
52.7392
53.1363
216.151
218.187
223.812
79.9922
63.1762
48.9394
253.176
231.957
237.88
243.433
116.567
245.552
251.561
224.99
90
101.31
86.6342
266.988
262.569
74.0521
53.753
270
241.699
246.797
231.343
192.996
236.317
251.561
98.9722
102.849
96.3394
0
0
180
18.4387
13.5717
4.76287
308.658
0
43.4165
26.5671
345.783
334.437
353.368
307.4
45.9837
28.3457
346.451
315.01
49.9675
66.4813
55.2784
39.5836
316.037
339.619
33.9758
40.7155
20.2292
4.84322
6.33939
62.3532
201.919
220.664
218.907
217.643
235.961
216.864
200.229
213.683
33.6832
270
101.31
63.4329
293.203
341.561
296.567
0
71.5613
0
278.129
281.31
44.9905
35.5304
270
180
315.01
65.5523
18.4387
10.3048
17.4505
345.962
343.298
354.806
0
341.561
354.806
14.0378
296.567
68.9581
70.4592
37.8706
315.01
53.1363
84.8064
108.439
98.1295
246.797
270
71.5613
75.9622
333.433
44.9905
44.9905
270
206.567
146.317
233.136
270
18.4387
61.3899
59.0399
275.826
239.66
218.043
213.683
60.6809
64.1309
220.92
223.067
220.82
221.641
224.99
0
264.806
284.038
0
251.561
96.3394
114.448
239.746
296.567
67.2447
52.1294
280.008
262.876
254.743
253.608
209.054
191.31
243.433
112.072
106.392
94.0849
341.561
0
0
34.2085
352.529
300.696
221.192
73.2978
56.8401
26.2765
336.885
331.699
302
15.0706
43.3331
28.1509
340.141
319.318
342.273
70.342
63.1143
28.2175
299.677
265.915
129.289
122.587
85.2371
93.0122
237.456
205.189
203.966
222.681
219.56
198.439
219.807
236.317
341.561
44.9905
251.561
224.99
75.9622
135.01
270
315.01
296.567
0
78.6898
0
270
288.439
98.1295
180
217.871
144.47
108.439
104.038
73.6077
42.1462
18.4387
288.439
259.992
209.054
173.661
180
135.01
315.01
300.96
71.5613
71.5613
11.3102
338.194
24.4477
33.6832
59.0399
135.01
212
239.04
44.9905
66.7972
315.01
315.01
198.439
258.69
329.04
251.561
224.99
35.5304
49.3944
60.4239
67.7466
253.021
259.903
311.192
46.8391
66.9444
26.5671
241.336
223.575
220.606
0
11.3102
296.567
284.038
326.317
351.871
323.136
51.3425
320.711
281.31
50.4398
37.4
135.01
249.771
249.771
231.343
251.561
234.47
123.683
251.561
115.349
99.5826
94.969
315.01
0
0
40.3291
325.23
289.777
350.218
46.6767
61.0451
38.0689
331.39
301.647
278.583
63.8836
56.8631
36.6496
336.293
325.119
335.665
47.2367
86.9878
162.821
331.699
314.391
11.3102
121.119
100.359
210.96
242.127
223.348
208.301
228.607
224.99
135.01
270
348.69
353.661
161.561
251.561
44.9905
44.9905
224.99
116.567
288.439
296.567
315.01
108.439
180
261.871
243.433
120.96
44.9905
357.71
325.627
341.561
149.04
115.563
143.537
183.813
215.127
221.996
192.996
161.561
165.962
153.433
149.04
270
85.2371
86.6342
0
11.3102
23.2028
315.01
65.5523
291.806
248.194
123.683
44.9905
0
224.99
224.99
213.683
153.433
44.9905
315.01
341.561
59.0399
56.6959
47.4105
254.743
243.433
246.497
53.753
48.5694
78.6898
221.574
235.132
232.129
6.33939
14.0378
333.433
270
251.561
224.99
251.561
0
108.439
231.713
239.04
76.7583
351.871
260.538
248.958
267.274
244.98
236.317
243.433
116.567
270
83.6606
95.3314
97.0005
44.9905
0
0
51.9012
307.073
319.054
1.35718
22.7072
51.3866
54.8732
246.934
247.792
252.027
82.906
82.4976
37.8706
12.7252
333.776
336.172
20.6633
18.1492
339.771
98.7457
329.353
328.084
0
128.173
138.461
289.483
291.013
288.125
273.012
0
296.567
191.31
149.04
234.47
44.9905
336.797
224.99
161.561
0
44.9905
0
296.567
270
180
180
224.99
32.4655
12.2654
73.1987
1.33194
281.514
263.661
180
144.47
171.871
178.153
203.203
224.99
44.9905
44.9905
18.4387
63.4329
71.5613
270
94.7629
95.1936
180
90
18.4387
263.661
100.008
262.876
270
77.4704
59.0399
258.69
224.99
251.561
0
0
180
135.01
281.31
68.7451
70.7653
214.688
235.581
229.968
315.01
44.9905
55.3122
224.99
231.846
232.436
113.203
90
315.01
270
270
261.871
198.439
224.99
78.6898
258.69
251.561
53.753
68.6249
224.99
257.735
224.99
266.988
270
261.871
270
98.1295
66.7972
33.6832
98.9722
103.242
68.9581
0
0
48.7453
317.761
336.889
1.84723
13.783
34.6168
239.424
235.473
229.2
133.034
82.8757
82.2888
54.4696
16.9306
14.5362
353.368
39.5602
19.0006
328.06
8.47058
102.265
313.034
287.942
169.641
129.401
272.675
282.469
275.249
209.054
153.433
257.47
180
116.567
333.433
18.4387
224.99
248.194
135.01
135.01
198.439
90
296.567
270
224.99
180
198.439
81.2543
21.8059
119.196
181.888
237.943
195.257
135.01
44.9905
288.439
135.01
135.01
0
71.5613
90
44.9905
59.0399
59.0399
270
94.7629
93.5757
180
86.1866
11.3102
281.31
128.657
224.99
270
71.5613
206.567
206.567
315.01
315.01
26.5671
296.567
281.31
90
36.0203
48.5694
62.1979
234.76
233.136
180
43.8818
24.4477
244.287
222.672
227.282
300.96
44.9905
135.01
180
315.01
306.864
300.96
281.31
251.561
90
279.462
315.01
72.8941
90
207.898
228.359
212.466
232.129
292.385
326.317
308.658
44.9905
90
0
118.073
110.229
103.572
180
0
30.9601
251.561
264.29
44.9905
52.1294
15.9479
274.315
272.29
278.615
62.2917
61.8914
57.2483
47.7175
39.5602
20.2292
6.0082
35.5304
82.2355
320.907
347.799
352.776
266.988
252.404
236.521
152.463
180.539
228.453
252.436
300.96
108.439
296.567
341.561
44.9905
0
234.47
198.439
296.567
23.2028
44.9905
0
78.6898
288.439
288.439
315.01
0
341.561
98.7457
126.864
150.257
199.658
247.928
108.439
90
0
251.561
44.9905
44.9905
315.01
135.01
135.01
135.01
98.1295
108.439
270
76.4283
74.0521
315.01
93.3658
161.561
266.187
224.99
240.946
206.567
111.806
315.01
18.4387
281.31
206.567
180
224.99
0
44.9905
55.5889
44.1477
250.97
235.015
244.437
50.8271
50.8271
254.052
243.776
237.534
180
180
206.567
116.567
90
90
281.31
279.462
270
224.99
149.04
192.996
59.0399
81.0278
233.136
242.353
208.301
224.99
224.99
255.962
270
281.31
0
74.7427
224.99
101.31
96.1694
105.711
180
0
276.339
273.366
315.01
36.247
57.1009
14.0378
317.902
317.717
341.698
35.0664
53.1363
40.4297
30.9601
41.5391
23.6335
355.602
8.74565
56.3168
23.5027
9.92604
354.899
312.43
299.304
300.753
312.464
201.649
232.062
237.534
239.04
59.0399
270
239.04
161.561
198.439
278.129
270
168.69
108.439
44.9905
315.01
135.01
206.567
258.69
315.01
0
333.433
86.6342
126.864
209.743
206.567
270
288.439
108.439
44.9905
333.433
44.9905
44.9905
315.01
0
44.9905
90
90
90
315.01
78.1108
64.4371
338.194
65.5523
224.99
246.797
254.743
224.99
18.4387
23.2028
108.439
191.31
230.193
156.797
63.4329
288.439
120.96
70.1406
71.8369
222.888
233.049
216.112
48.8078
43.2458
304.688
236.521
233.537
263.661
5.19363
0
9.46199
353.661
224.99
158.194
203.203
251.561
288.439
21.8059
315.01
44.9905
50.711
351.871
276.339
265.915
224.99
161.561
224.99
251.561
254.743
246.797
135.01
83.6606
36.8637
24.4477
47.1936
62.9676
0
0
322.129
319.08
356.988
30.0662
33.6832
16.7022
13.2417
336.246
350.538
24.3975
51.3425
51.0103
47.4805
52.8591
15.2573
325.312
40.6056
63.4329
55.1829
39.1729
354.988
310.653
333.433
333.003
347.808
333.433
298.434
276.339
224.99
149.04
239.04
251.561
44.9905
18.4387
315.01
296.567
315.01
113.203
161.561
191.31
191.31
203.203
180
135.01
18.4387
333.433
104.038
184.398
212.899
171.871
215.53
296.567
59.0399
26.5671
288.439
135.01
198.439
161.561
135.01
0
90
90
90
224.99
95.7098
90
353.661
0
258.69
206.567
258.69
55.6269
20.5604
306.463
209.054
188.129
232.129
74.0521
39.289
304.688
43.4165
55.8211
72.2519
238.676
241.607
63.4329
55.3122
12.2654
243.12
237.271
251.561
18.4387
224.99
44.9905
44.9905
258.69
263.661
60.9464
284.038
232.129
135.01
56.3168
294.448
49.0803
64.4371
270
243.433
257.905
260.538
90
243.433
236.317
248.958
224.99
78.6898
54.0974
44.9905
24.1061
17.7873
56.3168
0
0
338.958
325.312
0
34.6878
44.9905
34.6878
57.9997
90
81.8705
56.7748
47.3769
55.6269
65.5523
55.3122
358.025
336.797
32.0003
55.0154
75.649
88.0912
9.46199
309.508
338.698
330.946
331.327
296.011
292.037
304.985
326.317
15.2573
330.946
305.53
71.5613
44.9905
315.01
296.567
300.96
90
161.561
191.31
198.439
210.96
135.01
90
44.9905
315.01
0
258.69
284.038
44.9905
18.4387
11.3102
63.4329
270
239.04
180
206.567
135.01
108.439
0
90
90
135.01
224.99
91.5478
91.6362
71.5613
288.439
285.257
255.962
251.561
81.0278
90
256.606
236.317
270
239.04
112.385
135.01
0
59.3526
46.2261
278.343
245.742
3.01221
51.757
64.852
233.136
232.242
228.569
6.33939
307.871
270
186.339
191.31
168.69
336.797
59.0399
260.538
275.194
63.4329
284.038
198.439
61.5046
8.12948
271.975
243.433
254.743
263.661
108.439
233.136
219.289
224.99
44.9905
46.9006
42.4452
40.6722
25.4664
340.197
14.0378
0
0
349.992
350.538
5.52673
13.2417
14.9334
16.9306
31.7547
11.3102
30.0662
44.9905
36.247
64.9798
71.5613
60.5257
7.69536
356.761
4.18419
78.6898
104.745
93.6907
77.4704
307.298
328.575
3.65156
303.937
298.495
300.101
305.367
321.342
315.01
270
275.194
63.4329
71.5613
270
278.129
315.01
348.69
288.439
224.99
180
0
44.9905
66.7972
90
239.04
180
11.3102
347.004
0
353.661
341.561
135.01
210.96
239.04
198.439
198.439
116.567
116.567
135.01
90
90
0
44.9905
71.5613
78.6898
90
348.69
331.699
296.567
315.01
102.725
205.713
231.846
180
216.247
180
116.567
120.96
59.6792
67.6984
104.536
247.829
249.3
59.2534
49.8619
227.854
227.445
227.194
63.4329
341.561
265.602
315.01
296.567
288.439
86.1866
224.99
198.439
315.01
303.683
135.01
222.718
116.567
77.9046
285.257
255.962
232.6
243.433
278.129
180
258.69
294.448
0
18.4387
77.3798
66.9444
38.2868
8.97217
334.651
8.12948
0
0
19.9873
14.0378
13.5717
7.64996
358.153
358.877
15.2573
23.2028
16.2629
18.4387
0
66.7972
75.9622
69.6726
36.0203
4.53702
331.699
332.649
67.1051
74.5756
97.1243
239.746
290.56
47.1122
344.273
299.008
269.204
264.054
278.914
272.726
251.561
284.038
44.9905
44.9905
288.439
315.01
341.561
329.04
303.683
315.01
26.5671
26.5671
44.9905
59.0399
315.01
261.871
180
108.439
44.9905
341.561
296.567
251.561
191.31
191.31
224.99
251.561
198.439
135.01
120.96
108.439
90
98.1295
198.439
78.6898
72.5495
86.1866
153.433
125.53
270
276.842
30.0662
28.7393
289.363
255.962
209.743
217.871
100.008
66.0336
46.4251
51.074
62.3532
222.519
231.757
55.8927
67.6894
211.369
227.445
229.08
18.4387
101.31
216.864
240.946
198.439
315.01
321.342
71.5613
191.31
26.5671
30.9601
341.561
295.349
252.55
101.31
100.491
239.934
240.71
216.864
188.129
288.439
300.96
251.561
270
270
198.439
107.882
109.079
105.02
329.04
0
30.9601
0
0
42.2825
39.4727
30.9601
12.0312
351.871
352.406
8.12948
22.2534
347.735
315.01
5.19363
59.6237
71.5613
81.2543
84.8064
37.4
318.569
338.194
37.6895
57.9126
20.0995
320.907
357.71
51.3425
47.6541
298.234
294.376
287.071
265.764
290.56
335.552
315.01
11.3102
341.561
288.439
315.01
315.01
281.31
281.31
315.01
18.4387
44.9905
108.439
116.567
0
303.683
300.96
101.31
99.462
258.69
257.004
246.797
224.99
0
0
288.439
288.439
108.439
98.1295
78.6898
63.4329
90
224.99
91.7354
86.4243
180
155.552
156.797
188.129
224.99
75.2545
29.0536
278.972
270
270
355.602
56.3168
90
71.5613
60.6436
248.548
236.618
44.9905
54.9116
333.433
235.93
234.79
341.561
315.01
215.53
191.31
281.31
243.433
158.194
191.31
270
71.5613
71.5613
218.657
125.53
284.038
291.806
82.5693
124.107
230.193
241.261
217.871
144.47
153.433
270
270
224.99
270
35.5304
114.448
109.097
98.652
325.312
5.19363
52.1294
0
0
58.2453
74.4736
72.4042
44.9905
350.838
348.111
14.6227
4.76287
331.699
340.556
14.0378
34.2797
52.501
59.7462
64.2872
44.9905
329.934
357.138
26.1777
44.1349
6.5455
321.486
4.76287
41.6411
40.2393
335.62
296.864
282.395
268.299
248.194
243.433
326.317
345.962
315.01
270
180
224.99
261.871
243.433
0
0
270
180
135.01
101.31
0
321.342
33.6832
95.1936
233.136
245.552
288.439
341.561
270
135.01
0
300.96
44.9905
90
81.8705
63.4329
44.9905
281.31
83.0478
77.9046
293.203
66.7972
234.47
210.066
115.02
86.0098
203.966
248.802
260.538
281.31
66.7972
168.69
63.0026
66.7972
82.8757
242.241
233.537
55.3962
52.4364
236.732
235.183
239.04
44.9905
300.96
296.567
44.9905
315.01
291.042
0
90
315.01
44.9905
47.3769
3.36583
343.608
268.153
267.511
82.5693
161.561
227.854
259.992
284.038
135.01
156.797
180
296.567
345.962
315.01
90
206.567
93.433
92.4055
341.561
354.806
26.5671
0
0
49.3944
77.4704
79.6952
77.7346
35.5304
8.12948
31.4998
4.89831
341.561
348.31
9.08985
33.9894
38.5142
44.1217
29.7429
0
0
16.3923
35.8305
35.0884
348.69
321.793
14.4721
35.8305
26.2243
300.254
259.527
257.561
239.537
233.753
135.01
0
270
333.433
307.871
348.69
341.561
293.203
329.04
18.4387
348.69
300.96
288.439
90
83.6606
56.3168
299.054
258.69
143.136
224.99
296.567
0
315.01
270
108.439
71.5613
288.439
26.5671
53.1363
59.0399
135.01
135.01
341.561
84.5605
85.602
303.683
59.0399
263.661
275.194
73.4401
78.6898
244.98
240.644
244.98
270
168.69
50.4398
57.6581
59.3846
250.342
246.97
55.3122
47.5358
238.177
228.426
224.99
194.038
161.561
161.561
303.683
270
191.31
288.439
315.01
71.5613
270
43.0338
41.56
10.9229
317.086
292.072
270
135.01
191.31
270
327.534
296.567
251.561
90
0
90
0
275.194
149.04
135.01
93.8134
98.6727
106.702
341.561
0
0
0
44.9905
58.2453
55.9612
48.8078
44.9905
30.2538
36.8637
6.33939
309.289
341.561
14.5362
42.216
40.7684
51.2278
42.5195
333.433
29.0536
28.6635
34.9433
20.8589
347.319
333.739
19.9206
39.4279
15.7536
270.9
254.687
255.475
246.034
231.343
126.864
153.433
44.9905
351.871
299.054
11.3102
307.871
270
35.5304
354.806
326.317
315.01
315.01
90
126.864
142.129
224.99
240.946
149.04
108.439
23.2028
336.797
284.038
278.129
63.4329
63.4329
315.01
35.5304
44.9905
341.561
224.99
108.439
71.5613
93.1792
100.491
224.99
203.203
240.946
135.01
88.4522
158.958
241.505
245.552
11.3102
341.561
315.01
65.2622
63.9365
239.04
247.499
13.6727
54.4696
223.323
235.068
219.289
350.538
326.317
11.3102
161.561
203.203
240.946
203.203
156.797
251.561
66.7972
39.289
38.2868
29.0536
315.01
272.07
276.449
253.608
144.47
71.5613
34.6878
330.257
280.491
261.871
85.602
333.433
0
180
264.806
26.5671
53.1363
106.61
108.439
103.572
306.864
0
0
180
131.914
97.0005
79.9922
47.5936
35.2102
20.5604
30.9601
325.015
261.871
123.683
61.2607
53.8488
54.4696
64.7957
71.5613
353.661
63.4329
56.4763
38.9443
24.8671
354.29
334.796
16.3923
41.7682
330.752
251.718
245.469
241.05
262.406
270
161.561
116.567
119.054
213.683
243.433
78.6898
261.028
224.99
79.9922
341.561
335.552
341.561
327.534
324.47
71.5613
135.01
224.99
281.31
18.4387
81.8705
90
270
276.339
315.01
33.6832
30.9601
333.433
56.3168
56.3168
315.01
315.01
71.5613
135.01
97.1243
95.9053
224.99
255.962
291.806
40.6056
64.2872
281.31
262.876
281.31
52.1294
296.567
34.6878
58.521
75.0666
234.065
243.433
48.7249
237.101
222.048
231.846
90
78.6898
294.448
329.04
288.439
270
288.439
284.038
75.9622
37.4
23.6335
30.3085
41.1922
255.377
209.29
245.552
265.157
278.972
59.0399
78.6898
66.7972
273.366
268.025
303.683
84.8064
135.01
341.561
270
258.69
63.4329
153.433
140.193
106.702
97.8146
321.342
344.743
0
0
117.475
132.963
130.43
105.645
62.1022
14.2662
10.9229
301.324
300.96
36.8637
53.3321
60.378
72.8941
106.931
97.1243
52.1294
80.7071
80.3806
53.4616
30.289
0.987553
341.824
15.3237
33.6832
286.392
285.715
303.832
303.322
293.203
321.342
0
224.99
172.876
158.958
161.561
188.129
257.004
329.04
116.567
164.743
198.439
315.01
305.53
315.01
351.871
11.3102
315.01
270
198.439
135.01
144.47
213.683
251.561
270
78.6898
44.9905
315.01
78.6898
81.8705
315.01
300.96
90
135.01
91.8472
95.9053
198.439
261.871
26.5671
44.9905
40.9197
275.71
281.31
329.04
224.99
78.6898
61.6992
59.0399
234.301
212.12
63.4329
236.317
239.503
245.552
333.433
18.4387
165.962
215.53
192.996
180
0
324.47
322.129
43.4165
43.1996
29.0536
19.9368
258.69
237.432
192.996
243.059
255.962
279.462
0
98.1295
135.01
239.04
258.69
348.69
33.6832
44.9905
224.99
270
11.3102
315.01
224.99
135.01
90.451
85.9472
338.958
327.534
0
0
338.958
46.5001
92.7258
112.385
108.89
135.01
104.745
282.34
3.01221
28.2018
30.2999
25.7721
348.69
67.3758
64.6507
54.4696
63.8223
71.5613
59.4239
34.2797
14.0378
355.342
18.4387
23.8178
323.326
348.509
332.341
309.896
318.419
335.552
302.899
270
0
44.9905
188.129
161.561
11.3102
320.711
258.69
135.01
146.317
108.439
315.01
333.433
354.806
0
322.129
281.31
224.99
135.01
135.01
206.567
224.99
198.439
98.1295
90
270
108.439
113.203
198.439
251.561
198.439
81.8705
80.2178
90
135.01
270
78.6898
79.6952
218.657
227.717
224.99
255.962
315.01
48.0582
60.6208
216.463
241.887
57.7629
44.9905
236.12
232.859
270
288.439
261.871
224.99
258.69
296.567
135.01
173.661
59.0399
30.1389
33.2479
41.2635
22.3845
208.379
208.926
254.246
236.895
245.279
264.611
315.01
315.01
135.01
161.561
239.04
288.439
341.561
71.5613
270
224.99
251.561
63.4329
264.806
255.962
71.5613
87.7459
90.4373
0
315.01
0
0
352.876
21.3751
359.326
44.9905
55.1829
165.255
160.342
215.53
56.7316
32.8991
21.3413
345.826
325.791
33.6832
27.1825
38.6575
46.5618
64.217
65.606
34.3324
20.3575
9.91632
24.6034
25.2952
346.836
12.4459
329.839
314.57
325.889
343.833
341.561
320.545
344.743
288.439
315.01
108.439
135.01
270
326.317
0
90
90
315.01
315.01
315.01
224.99
258.69
270
315.01
44.9905
71.5613
251.561
243.433
90
81.8705
161.561
213.683
149.04
123.683
161.561
270
288.439
78.6898
79.5086
90
90
326.317
63.4329
60.9464
272.121
259.992
234.47
220.239
59.0399
52.391
28.3008
258.178
43.2725
48.7249
245.167
235.183
234.47
224.99
149.04
284.038
293.203
35.5304
302.466
270
46.5835
29.6853
28.4428
29.147
192.996
217.732
207.647
138.004
5.19363
273.918
248.381
251.561
281.31
276.339
251.561
71.5613
21.0419
315.01
274.398
144.47
198.439
270
224.99
161.561
255.962
336.797
80.538
104.302
106.392
118.301
288.439
0
0
58.5748
59.0399
13.1737
40.7155
13.914
352.406
346.826
355.602
77.6799
74.2464
41.9141
306.758
316.326
30.9601
14.5362
34.2418
38.6575
50.8074
58.8603
35.0664
8.12948
16.8614
58.6942
53.5759
0
41.9956
329.984
321.478
322.531
325.675
309.372
286.304
315.01
302.466
11.3102
288.439
108.439
78.6898
315.01
305.53
44.9905
116.567
180
210.96
203.203
201.806
218.657
239.04
0
18.4387
0
270
243.433
101.31
116.567
210.96
210.96
135.01
113.203
90
0
326.317
65.5523
62.5245
44.9905
68.9581
288.439
108.439
130.606
247.615
224.99
315.01
332.102
69.3212
77.5241
238.819
233.136
64.9798
242.353
239.799
246.797
255.962
315.01
33.6832
278.129
270
156.797
236.317
38.2075
41.4934
29.8335
8.84133
206.032
208.988
213.433
146.317
70.0127
75.9622
262.185
255.139
243.433
242.102
201.806
224.99
71.5613
61.6992
288.439
276.842
116.567
101.31
333.433
293.203
224.99
116.567
11.3102
243.433
118.073
108.439
104.038
295.02
0
0
64.6507
76.4283
81.1587
78.6898
55.088
7.92627
358.473
351.44
6.13142
86.1866
138.359
233.814
254.743
58.6313
23.2028
33.3598
35.8627
43.1245
48.1197
29.8438
324.28
0
76.7583
94.2357
192.725
129.473
170.538
260.218
294.891
299.267
312.048
342.394
349.501
334.941
324.873
358.531
13.2997
357.798
315.01
326.317
329.04
44.9905
0
270
258.69
243.433
224.99
168.69
116.567
63.4329
296.567
254.743
213.683
125.53
153.433
224.99
224.99
90
90
81.8705
44.9905
315.01
73.8081
58.3971
7.12426
44.9905
296.567
125.53
135.01
256.428
278.129
68.1941
38.9897
59.3526
145.627
240.644
65.7218
173.661
224.99
212.729
239.04
276.339
135.01
203.203
216.864
243.433
34.9846
29.6649
34.644
41.4306
210.96
218.133
212.411
209.388
152.102
63.9941
50.0778
261.871
262.406
271.219
278.129
272.29
135.01
108.439
126.864
152.102
224.99
290.229
344.743
59.0399
44.9905
288.439
288.439
90
180
270
100.491
98.5686
94.9263
310.239
0
0
65.2214
84.2902
93.5029
94.3037
91.5478
70.2736
47.8069
358.506
339.619
346.798
75.2545
250.111
108.439
88.9772
66.9342
45.7935
26.5671
36.4794
49.9872
11.3102
297.647
11.3102
61.1652
5.19363
219.428
156.444
181.93
207.608
232.68
277.749
327.373
353.475
335.147
324.364
352.49
348.644
328.047
310.368
286.56
315.01
288.439
36.8637
330.946
263.661
224.99
233.136
18.4387
351.871
71.5613
108.439
258.69
274.398
296.567
81.8705
135.01
224.99
44.9905
135.01
116.567
108.439
153.433
210.96
93.0122
81.3849
20.5604
18.4387
272.489
44.9905
71.5613
292.385
352.876
37.4
52.6458
44.9905
261.871
39.807
53.1363
229.925
215.53
150.946
180
246.797
224.99
212.466
180
47.9272
31.9159
26.4229
24.4477
205.945
208.72
219.7
227.717
234.47
79.9922
79.5086
52.6
279.866
280.713
279.293
270
278.129
351.871
315.01
194.038
155.552
98.1295
308.658
273.813
135.01
161.561
251.561
315.01
0
0
35.5304
59.0399
89.5937
87.5109
315.01
0
0
318.569
180
133.836
104.536
85.9562
63.9941
59.8782
38.0431
320.1
315.01
343.924
315.01
36.247
55.7652
57.9997
68.9581
67.3758
63.2375
60.4629
354.806
289.596
251.561
120.716
207.898
230.193
182.77
181.488
206.269
224.99
236.997
238.303
240.946
289.674
335.662
12.0816
331.917
300.321
283.83
228.808
285.948
305.53
66.7972
321.342
283.394
255.962
315.01
50.711
329.04
315.01
116.567
224.99
315.01
351.871
15.9479
324.47
251.561
153.433
210.96
119.054
90
18.4387
326.317
86.9878
87.1382
90
232.129
266.187
18.4387
201.042
192.53
95.1936
58.6313
55.1617
267.879
288.439
158.194
216.078
235.627
8.12948
35.5304
270
224.99
258.69
348.69
38.0149
42.0977
35.052
26.5671
216.951
217.4
204.079
217.4
261.871
341.561
79.0192
85.3339
184.398
260.538
277.495
270.855
255.962
263.661
198.439
270
300.96
56.3168
95.1936
243.433
280.008
315.01
168.69
44.9905
351.871
270
161.561
120.96
135.01
89.2259
87.1584
307.871
0
0
265.487
214.209
138.808
110.19
94.7629
76.4629
63.4329
51.7132
323.372
297.7
301.861
0.909189
32.2549
37.3341
34.0487
31.8611
91.3969
142.746
141.972
110.859
270.764
232.672
150.71
187.305
239.711
218.828
188.88
206.397
225.622
241.477
233.922
174.473
341.196
12.1277
35.0831
305.747
293.951
295.992
350.538
349.509
346.758
321.342
186.339
281.31
326.317
5.19363
57.5345
333.433
315.01
333.433
135.01
0
18.4387
0
270
270
63.4329
0
33.6832
97.1243
74.7427
322.129
78.6898
78.6898
263.661
218.657
224.99
246.797
224.99
174.806
65.279
63.2153
186.339
216.02
241.699
237.178
207.351
288.439
270
161.561
230.711
161.561
40.6056
25.2952
34.0388
35.6577
206.567
205.977
213.079
222.519
275.194
198.439
78.6898
300.96
85.0616
84.9372
242.353
149.04
275.331
272.121
224.99
257.47
54.4696
7.12426
315.01
198.439
167.004
173.661
303.683
296.567
44.9905
66.7972
258.69
285.257
11.3102
44.9905
63.4329
91.185
94.0276
44.9905
0
0
275.71
265.102
137.717
112.734
103.893
101.31
106.931
126.864
165.962
310.43
343.67
24.8671
42.555
46.5923
37.609
11.6507
330.218
351.529
126.307
163.999
200.651
220.159
155.921
184.028
232.477
255.814
236.317
227.717
247.829
257.195
251.561
122.899
87.5638
81.0988
100.175
316.311
303.414
324.913
356.394
338.862
314.543
294.779
0
0
353.992
328.397
33.6832
33.6832
309.807
315.01
315.01
135.01
135.01
224.99
281.31
333.433
23.2028
44.9905
315.01
101.31
108.439
234.47
98.6151
98.4706
255.255
0
26.5671
272.29
315.01
29.4743
67.766
68.1941
249.3
149.04
229.632
251.561
56.3168
90
263.661
191.31
315.01
42.4642
35.6206
24.3855
43.3713
215.851
214.817
209.388
226.966
108.439
281.31
341.561
135.01
217.871
94.4964
98.3653
247.245
88.1528
286.297
278.615
281.31
257.47
93.0122
53.1363
295.349
302.466
341.561
65.5523
270
258.69
44.9905
19.4441
1.97453
1.38007
359.326
358.933
355.342
54.9116
105.822
139.761
180
0
300.781
282.031
181.975
112.222
109.307
122.287
145.445
154.247
131.355
41.9956
11.4759
20.4142
40.6959
58.3292
90
103.842
302.729
347.347
346.65
252.55
186.98
188.652
180
188.297
203.056
223.61
221.431
255.962
279.462
268.755
319.968
9.68851
87.8793
106.235
118.073
93.3658
310.899
338.41
354.585
318.06
325.048
356.596
316.601
44.5362
0.719004
310.413
264.806
151.699
215.53
326.317
348.69
10.3048
12.7252
358.531
0
358.668
0
8.84133
1.0807
3.94449
14.3019
6.76539
23.5911
28.6857
351.159
350.754
311.431
284.745
4.39796
51.2278
62.6489
180
272.29
242.525
228.569
251.561
315.01
90
265.602
44.9905
43.9239
39.5836
33.6832
210.576
207.742
217.014
220.336
198.439
354.806
0
243.433
236.317
180
326.317
98.8063
112.993
233.136
79.9922
286.076
276.562
286.392
267.511
119.054
97.4307
327.101
292.171
0
75.9622
23.5564
19.3159
25.3493
19.7803
5.253
2.06961
355.545
357.71
347.228
350.776
52.913
162.755
180
0
280.814
269.029
223.836
126.864
123.609
132.283
139.877
126.601
98.6151
79.315
54.3675
31.8122
34.0207
54.7898
133.882
132.073
176.187
105.948
272.385
272.454
296.567
245.552
210.615
197.626
207.475
202.801
175.237
168.69
224.99
252.755
38.926
347.228
30.9601
91.1455
122.466
178.409
202.253
210.028
195.989
238.556
248.561
331.114
277.431
79.8246
6.95219
284.933
353.661
0.545542
1.701
2.20216
0
2.77863
5.82553
1.19324
356.856
357.208
357.71
2.56326
7.35165
356.988
1.27276
31.6708
29.2181
3.23909
353.992
310.43
278.129
276.339
43.4999
53.4616
40.7684
285.948
234.097
234.47
209.054
203.203
224.99
206.567
47.5936
26.5671
33.3749
53.9219
216.091
209.499
205.855
230.711
278.129
90
180
213.683
251.561
254.743
90
0
97.305
104.828
108.439
77.9688
280.954
271.878
276.339
278.746
78.6898
85.602
315.01
272.726
198.439
60.5943
40.6056
25.7128
17.7617
17.9727
6.842
338.194
296.567
0
329.537
333.776
340.141
318.004
0
180
203.42
245.109
221.504
148.329
134.294
127.548
121.369
101.113
83.0895
77.5733
83.126
85.5161
109.803
180
60.4239
86.8785
132.963
189.323
224.141
216.864
143.136
272.602
251.561
222.519
237.81
214.004
182.489
187.655
193.017
183.984
171.488
184.324
183.892
167.677
181.353
181.315
183.549
208.372
211.357
286.59
0.695719
0.186591
344.813
359.664
346.89
339.349
333.521
320.966
338.194
108.439
191.31
195.257
177.511
181.735
196.56
194.038
190.305
186.842
177.09
186.339
181.005
146.317
148.453
183.122
189.09
213.683
249.901
44.9905
73.2345
87.1382
193.738
193.3
224.99
237.534
261.871
116.567
315.01
36.8637
36.6006
17.406
253.608
200.56
217.802
228.895
185.194
135.01
341.561
329.04
270
71.5613
315.01
335.552
0
168.69
90
83.0895
70.4592
72.5495
287.953
273.366
270
279.462
71.5613
118.073
145.312
298.073
24.3083
44.5911
40.2721
32.0688
356.634
299.743
315.01
335.552
319.08
348.69
300.96
315.01
331.505
331.221
0
180
213.683
264.858
245.61
162.594
141.343
137.282
132.842
114.585
96.7297
89.0454
99.2929
123.064
136.425
105.645
95.7098
94.8983
171.028
226.839
230.273
197.245
202.28
202.423
188.85
184.121
189.585
187.488
177.865
197.57
218.539
191.31
158.081
174.341
124.688
68.4002
24.6504
14.9556
15.3431
0.959973
1.11433
1.41997
2.06745
3.76571
5.70107
340.489
350.454
0.950322
317.346
289.79
193.093
180.603
178.755
185.194
186.203
182.95
183.731
184.288
183.366
185.905
184.085
175.237
135.01
100.62
143.136
183.99
175.365
199.803
237.81
66.4973
61.0498
324.873
245.921
189.689
213.683
270
293.203
44.9905
27.9627
34.2797
49.534
219.669
216.247
205.79
217.564
282.996
351.871
108.439
194.038
224.99
44.9905
0
224.99
104.038
285.948
270
86.7609
79.0192
66.0336
72.7553
293.899
276.814
291.042
277.431
251.561
120.96
116.567
40.2393
43.9903
49.1614
38.2303
309.289
276.339
315.01
334.98
338.958
299.743
291.806
288.439
11.3102
0
284.038
0
0
355.987
299.865
294.089
277.124
133.12
133.867
129.122
125.747
138.301
151.927
140.933
120.818
115.824
128.085
120.066
120.066
221.504
239.143
226.481
97.1243
273.882
272
275.527
238.865
200.97
83.6606
35.4594
2.26999
345.067
356.899
10.57
12.6632
10.7695
11.4578
8.25739
0
5.07291
10.2892
3.54411
2.21921
2.56326
38.6575
107.357
294.005
341.561
8.24284
310.615
314.343
330.046
317.061
30.9601
284.038
278.129
278.129
44.9905
40.7684
356.497
319.968
23.2028
24.2316
40.4899
36.5665
320.193
245.552
129.807
135.01
22.0157
41.1406
60.5943
261.871
272.726
330.946
44.9905
281.31
41.3545
29.4743
16.8614
161.561
200.117
210.834
228.808
296.567
198.439
224.99
315.01
261.871
206.567
224.99
108.439
239.04
243.433
116.567
261.871
296.567
93.1215
88.5682
73.6077
80.1122
291.806
275.801
285.948
268.025
240.946
114.448
120.066
73.4928
63.0231
63.6851
78.6898
272.726
254.743
161.561
315.01
291.806
277.124
299.054
323.136
270
198.439
244.651
180
0
347.004
299.499
303.447
313.371
26.5671
64.1309
76.4474
90.9876
104.785
159.257
143.68
148.183
174.271
164.295
140.631
131.706
241.99
254.743
305.53
58.8814
334.808
335.552
351.982
337.06
351.457
29.3849
11.3102
7.57224
2.23903
353.02
9.53632
65.0276
67.9277
64.9798
52.0499
315.01
317.428
345.962
259.825
291.375
343.808
358.831
39.9222
290.141
246.444
139.394
295.896
326.525
323.107
333.59
353.438
315.375
305.53
327.534
0
85.4268
324.47
315.01
34.2085
20.6633
22.3845
6.33939
299.474
319.08
30.9601
41.4306
64.0551
57.2707
201.198
199.444
228.359
180
41.1922
27.2175
39.5888
56.5413
219.034
215.355
211.603
221.641
243.433
243.433
288.439
18.4387
288.439
293.203
341.561
351.871
26.5671
261.871
296.567
66.7972
224.99
255.962
87.7978
83.0197
59.6237
81.3577
286.235
271.576
234.47
261.871
315.01
52.1294
49.4807
59.2407
61.5431
65.8506
156.797
258.69
308.658
329.04
210.96
240.946
270
263.661
234.47
248.194
255.962
270
0
0
357.71
295.824
306.864
320.345
357.511
40.8605
51.1818
55.1093
43.8745
356.056
22.6562
82.955
180
154.256
150.48
164.369
200.624
194.518
116.36
69.4396
12.1721
295.087
308.883
275.527
272.779
92.6694
230.193
166.262
89.1932
344.052
326.895
64.7729
67.2812
61.5046
58.7264
326.317
325.088
313.099
268.919
191.31
46.4617
17.4213
2.33684
305.029
312.963
323.753
232.436
10.4915
310.95
336.081
355.043
325.204
333.218
343.336
21.8616
19.6348
342.165
328.121
35.5304
25.0202
315.01
224.99
318.569
330.526
344.743
72.8941
92.419
205.824
237.534
263.661
279.462
44.9905
25.5629
18.4387
153.433
199.444
205.89
222.216
329.04
315.01
270
270
0
0
288.439
296.567
341.561
11.3102
329.04
296.567
341.561
71.5613
270
281.31
80.8381
83.6606
129.807
99.462
260.538
269.752
263.661
258.69
224.99
78.6898
70.3674
60.9992
36.0781
44.9905
135.01
300.96
296.567
281.31
263.661
233.136
237.534
245.552
246.797
261.871
278.129
303.683
0
180
203.203
288.439
332.715
336.088
350.853
22.1139
50.397
74.0944
81.4698
34.5552
9.3144
2.2675
0.313022
347.855
344.929
135.01
227.282
195.464
136.702
147.889
186.573
203.089
190.338
206.876
212.466
90
224.238
156.246
107.635
63.4329
319.009
61.2607
66.265
49.8966
57.4317
268.781
266.907
277.274
281.889
29.0536
80.2178
63.7757
297.074
268.854
279.246
295.148
261.574
179.051
221.445
223.957
105.711
310.995
323.027
353.917
19.1292
17.4152
322.444
300.254
27.4755
26.5671
293.203
71.5613
8.12948
326.317
0
34.2797
57.1009
262.876
228.808
78.6898
30.7321
33.4332
38.1536
214.07
211.603
220.845
236.317
108.439
206.567
243.433
270
270
0
0
315.01
315.01
0
18.4387
281.31
278.129
341.561
18.4387
281.31
270
86.9065
86.1866
348.69
85.8561
280.305
271.992
272.121
257.47
180
55.7915
67.4161
69.4823
281.31
224.99
71.5613
255.962
229.761
212.466
239.04
248.194
251.561
270
315.01
333.433
322.129
324.47
0
180
192.996
315.01
29.2901
357.615
355
8.40279
27.7773
61.876
84.2521
87.358
111.806
199.235
161.561
337.376
341.013
5.25701
327.195
309.807
95.5985
138.058
202.072
232.574
202.74
150.627
129.645
184.398
205.419
161.561
128.073
137.825
204.329
106.963
98.4171
117.074
171.47
210.661
208.073
216.247
213.47
178.625
151.699
168.578
195.299
202.953
188.504
187.556
198.95
233.518
230.498
205.961
123.209
28.0728
323.7
358.307
19.7666
22.7716
291.341
287.365
313.761
60.6436
335.722
328.139
37.8706
11.3102
18.4387
44.9905
176.634
234.47
36.3776
20.3484
47.3769
173.661
207.944
202.917
231.915
251.561
315.01
224.99
186.339
153.433
288.439
296.567
315.01
0
0
315.01
315.01
224.99
236.317
243.433
44.9905
341.561
278.129
288.439
87.1382
83.2552
27.2566
70.3674
290.777
271.188
259.992
247.615
168.69
72.594
68.9206
68.6982
228.004
192.53
148.245
203.203
276.339
243.433
224.99
293.203
306.864
305.53
348.69
6.33939
326.317
321.342
0
180
135.01
63.4329
63.4329
51.9151
27.1228
19.7264
30.3208
61.2208
81.8705
97.1243
156.797
183.012
112.385
113.966
111.806
231.343
257.347
279.605
26.8358
31.4252
349.216
315.418
337.205
28.6815
32.7625
307.771
287.953
91.5478
96.5082
104.901
127.871
77.4357
76.8042
74.5756
236.317
267.185
284.266
282.805
284.678
12.2654
70.9025
329.04
278.426
278.498
1.27276
13.0704
2.93511
336.797
336.937
342.948
27.6139
33.4332
329.224
335.705
21.5758
224.99
281.31
289.924
295.323
82.1175
300.96
258.69
107.106
51.7132
315.01
210.96
44.9905
353.501
38.4151
68.9581
214.07
193.644
223.643
0
260.538
315.01
341.561
305.53
6.33939
11.3102
315.01
315.01
333.433
0
341.561
315.01
251.561
239.04
243.433
0
44.9905
270
261.871
26.5671
83.8122
84.1745
66.1573
79.9458
274.843
270
278.615
288.439
33.6832
84.5889
83.9284
44.9905
315.01
300.96
95.1936
94.398
281.31
294.448
14.0378
338.194
308.658
291.806
315.01
78.6898
303.683
300.96
0
180
98.9722
72.4711
64.3561
56.6402
47.8538
62.5245
58.5002
69.3367
87.6145
108.008
115.909
75.9622
210.066
127.298
84.2902
358.959
307.229
296.997
81.3849
166.428
88.2105
9.8409
353.743
1.299
350.032
324.681
323.201
11.1217
52.4364
50.2526
32.2234
58.1707
54.841
11.0411
349.903
347.242
335.825
329.294
336.885
3.21488
14.6227
1.14552
351.657
341.84
14.1295
10.9856
354.669
350.498
329.36
304.868
34.2085
83.119
269.556
301.5
319.285
245.552
257.65
272.302
271.323
116.567
212.12
246.797
96.7654
73.0694
280.305
6.33939
76.7583
323.136
213.683
188.841
226.213
305.53
315.01
198.439
303.683
21.0419
315.01
281.31
56.3168
315.01
341.561
315.01
341.561
0
315.01
288.439
270
270
315.01
44.9905
44.9905
261.871
270
56.3168
78.9434
77.5918
60.9464
71.8127
280.408
270.225
256.428
279.462
42.7184
65.4639
71.3245
326.317
33.6832
337.376
357.879
38.6575
276.339
323.136
6.33939
303.683
279.462
285.257
296.567
135.01
206.567
270
0
0
67.71
49.6636
46.3258
52.8591
39.5602
43.0994
46.5407
60.0206
82.1175
90.8068
92.2022
150.257
261.871
72.2519
86.3792
64.9798
322.033
312.216
341.977
7.0005
56.0896
68.2548
53.753
325.93
289.263
275.71
277.594
39.9595
67.766
70.5098
73.7771
75.3047
81.0278
195.645
156.034
188.129
262.406
264.958
284.745
34.2085
65.1329
78.6898
266.634
275.042
87.3251
85.0616
274.085
265.315
271.469
276.053
289.987
106.192
266.567
252.594
226.839
220.92
246.268
250.342
253.931
106.392
63.4329
318.808
48.3589
34.3731
265.365
144.47
149.04
187.943
215.304
254.743
341.561
281.31
288.439
315.01
224.99
113.203
265.602
288.439
90
281.31
333.433
315.01
315.01
0
270
270
288.439
300.96
341.561
44.9905
224.99
255.962
44.9905
68.6249
80.6402
83.0197
80.6557
81.0699
276.709
271.479
262.876
191.31
71.3143
63.0744
50.711
326.317
30.9601
0
306.864
329.04
298.301
315.01
246.797
224.99
233.136
288.439
315.01
315.01
224.99
258.69
0
0
67.5529
46.9328
24.4477
38.9897
60.9464
60.0707
64.6507
70.7653
70.4036
71.0714
82.8757
108.439
44.9905
48.6848
100.84
121.755
81.8705
324.367
340.297
4.87849
36.6561
58.4697
111.576
211.5
268.382
274.44
286.093
48.8945
75.3773
78.6898
76.2917
74.6093
58.7111
302.466
73.6077
23.2028
276.146
272.642
291.806
54.4696
65.8506
248.958
203.203
281.769
77.3466
81.6749
272.436
270
291.144
297.458
343.723
24.8037
303.572
256.25
224.464
165.464
265.755
270.297
275.611
46.3258
26.8799
334.437
26.0779
332.353
282.265
35.5304
278.129
288.439
30.9601
315.01
270
239.04
315.01
288.439
251.561
171.871
215.53
11.3102
8.12948
288.439
270
270
270
0
270
270
315.01
315.01
333.433
341.561
270
270
71.5613
78.6898
79.3803
81.8705
89.3099
89.6049
270.651
270.62
274.635
0
86.6009
80.5847
21.8059
339.771
356.187
354.806
315.01
333.433
315.01
298.301
282.996
275.194
270
315.01
315.01
305.53
270
224.99
180
0
77.3065
69.2234
8.12948
37.8706
73.8081
71.5613
69.6192
72.3465
75.1716
79.8755
81.0278
55.9612
44.9905
339.44
131.431
93.9175
69.0398
7.27427
344.944
4.61559
5.09132
0
140.907
108.439
294.659
292.936
316.944
21.5758
46.1879
64.9798
77.5918
76.2854
28.1419
334.796
3.81339
65.5523
287.854
285.126
297.898
67.8292
59.7462
273.012
180
347.47
65.5523
68.1941
281.535
308.364
343.765
320.314
347.84
346.93
271.439
284.18
348.192
355.866
310.526
294.426
288.857
86.3093
130.032
229.232
140.193
333.433
315.01
307.229
239.04
255.962
135.01
0
294.448
341.561
348.69
293.203
315.01
329.04
333.433
135.01
198.439
224.99
270
270
270
0
270
270
0
315.01
341.561
315.01
278.129
315.01
0
82.8757
80.8037
76.1579
80.538
84.8064
270.939
268.966
262.305
206.567
90.2616
89.1699
30.9601
344.743
345.962
344.052
325.312
338.958
315.01
296.567
304.688
309.807
315.01
315.01
315.01
293.203
291.806
285.257
0
0
87.2214
90
0
26.5671
88.2646
79.6952
64.023
66.4436
90
98.1295
74.4736
64.9798
59.9338
254.052
64.1763
68.8709
76.5606
60.5943
345.139
17.406
324.026
304.688
135.01
128.085
260.273
278.471
316.754
8.12948
26.5671
38.243
71.936
85.9811
90
330.946
294.149
135.01
279.782
285.143
298.301
71.5613
75.9622
249.223
176.187
132.718
101.822
93.9175
271.123
299.054
12.0954
303.88
276.788
236.696
233.304
354.611
5.32195
329.268
325.312
286.244
276.065
98.1295
198.439
161.561
52.6
34.6878
295.563
280.125
333.433
274.398
81.8705
44.9905
270
90
296.567
288.439
296.567
315.01
315.01
333.433
341.561
315.01
315.01
296.567
288.439
0
288.439
296.567
315.01
0
224.99
251.561
288.439
341.561
315.01
84.0947
84.8064
81.8705
81.8705
82.6743
273.503
270.406
266.821
44.9905
88.7158
88.348
33.6832
18.4387
336.797
315.01
299.054
293.203
279.462
281.31
288.439
288.439
285.257
296.567
18.4387
303.683
299.054
308.658
0
180
101.547
96.1694
39.807
334.98
77.2748
82.4769
73.7371
59.0399
67.1051
70.9704
56.6959
43.9437
289.444
233.537
101.31
96.0433
98.9145
128.364
160.637
164.246
224.135
229.347
202.878
166.129
189.752
258.178
338.066
330.156
63.9678
73.4401
85.5399
94.7327
102.805
44.9905
309.473
5.70978
347.619
288.439
291.806
86.6342
228.808
247.928
171.871
127.871
101.794
97.7645
267.221
231.01
167.47
238.631
254.509
249.81
205.02
75.1394
248.194
288.439
333.207
282.739
277.324
73.9238
343.808
32.0003
7.12426
235.893
135.01
309.289
323.136
297.898
180
158.194
278.129
333.433
243.433
258.69
270
270
315.01
341.561
315.01
288.439
0
270
270
0
315.01
296.567
315.01
315.01
243.433
135.01
333.433
315.01
315.01
84.8064
84.3413
79.0458
81.8705
83.8416
272.779
270.197
265.102
68.1941
87.9366
89.4384
101.31
90
315.01
293.203
285.257
270
264.806
279.462
282.996
279.462
285.257
315.01
26.5671
293.203
276.339
270
0
180
107.704
102.012
96.3394
296.567
87.5109
96.3394
95.1936
77.8279
58.6313
71.5613
78.465
54.2533
303.683
282.996
132.073
102.476
87.6145
135.01
178.091
202.385
205.111
203.267
199.249
154.57
137.952
49.9675
357.918
304.741
221.431
141.846
118.443
102.601
95.1936
62.5245
345.577
1.27276
315.01
277.334
281.726
145.312
219.473
251.05
102.996
90
97.9428
102.996
264.095
315.01
347.004
272.862
271.232
278.426
42.4356
37.5636
317.654
326.317
358.153
286.365
290.118
318.172
175.764
131.105
213.304
237.658
99.8333
295.563
280.008
286.392
273.813
146.317
146.317
243.433
224.99
224.99
224.99
224.99
224.99
198.439
224.99
251.561
0
270
270
0
0
270
315.01
288.439
261.871
90
0
278.129
315.01
87.581
87.955
85.463
86.036
87.0756
270.807
269.425
262.876
77.7346
87.3741
89.7032
135.01
135.01
135.01
281.31
285.257
282.996
281.31
281.31
278.129
279.462
281.31
296.567
44.9905
278.129
288.439
288.439
0
180
102.53
107.024
122.12
198.439
106.392
100.408
98.3923
86.1866
63.8836
56.5988
81.8705
86.4243
321.01
295.487
30.9601
84.4953
66.2465
0
277.906
244.314
234.17
230.389
224.99
92.419
80.9811
65.4767
339.771
277.495
274.938
101.769
89.68
83.3416
69.3581
49.2316
3.36583
258.69
241.858
262.451
278.426
270
246.367
270
49.7607
60.2571
117.719
109.097
260.096
229.232
194.623
227.739
220.209
262.764
47.1122
33.6832
293.732
277.523
87.8793
280.211
278.693
269.51
179.256
122.899
224.99
251.561
116.291
176.424
281.889
296.567
309.807
341.561
224.99
224.99
270
270
270
0
251.561
224.99
198.439
224.99
0
270
258.69
180
135.01
270
224.99
251.561
278.129
90
180
261.871
0
90.8068
91.0228
91.7895
91.701
91.6843
268.939
269.241
264.095
88.2646
88.6803
88.7549
90
108.439
90
333.433
307.871
304.688
309.289
296.567
285.948
282.996
275.194
270
0
281.31
284.038
275.194
0
0
98.5686
112.525
123.225
115.563
56.895
66.1573
78.6898
85.9151
77.4704
54.2798
57.9126
91.1689
118.301
292.208
329.679
83.2346
75.3414
9.32322
303.225
294.981
304.209
333.102
3.01221
40.2393
61.535
50.5051
286.192
278.392
326.162
19.8363
59.326
67.7921
46.8693
21.5059
296.567
253.069
246.444
270
293.203
326.317
326.317
334.852
33.105
315.01
148.245
108.163
231.343
217.609
187.603
204.483
192.732
171.798
157.706
172.558
207.944
185.241
167.604
219.786
253.474
264.645
24.2782
56.5818
294.627
262.35
78.2313
25.4664
309.093
291.042
309.289
315.01
321.342
336.797
315.01
315.01
315.01
315.01
288.439
296.567
315.01
0
224.99
239.04
236.317
161.561
108.439
270
251.561
224.99
296.567
44.9905
224.99
243.433
0
93.4676
94.0849
96.1458
94.6661
93.7579
268.656
269.81
268.025
96.7091
90.7776
88.7683
8.12948
44.9905
54.4696
8.12948
315.01
303.683
303.683
304.688
305.53
296.567
291.042
315.01
0
315.01
305.53
308.658
0
180
103.3
115.43
108.439
82.1175
43.5383
39.4279
55.7203
85.1017
91.9745
85.4868
71.5613
77.0044
159.223
258.69
305.747
101.726
118.034
132.763
302.587
303.941
305.105
323.304
15.805
46.2004
54.9517
16.9786
298.163
327.271
1.18501
12.1449
48.0582
77.0564
83.6606
224.99
239.04
261.254
261.385
260.91
258.69
16.3923
339.44
327.101
33.6832
308.364
268.831
122.899
235.791
265.007
267.615
317.784
343.999
10.0644
48.0692
24.4477
272.77
0
71.0496
282.996
272.311
270.551
80.2178
92.5633
251.158
266.634
76.0702
338.958
252.894
253.298
296.567
284.038
270
303.683
315.01
315.01
315.01
315.01
315.01
315.01
315.01
315.01
251.561
246.797
239.04
108.439
90
270
258.69
180
0
315.01
251.561
180
0
95.0123
95.1014
96.7091
94.2134
92.4535
269.449
270
266.424
105.948
92.0091
89.7062
348.69
44.9905
63.4329
18.4387
284.038
279.462
291.806
315.01
306.247
295.349
299.743
333.433
0
324.47
305.53
305.53
0
0
96.9522
108.439
96.9803
83.9049
59.0399
44.9905
64.2872
81.3273
86.0098
98.1295
114.627
156.797
224.99
113.203
287.451
115.02
117.647
119.474
183.576
255.362
252.55
270
40.3364
58.3292
61.9272
340.141
298.767
4.81999
18.4387
4.32432
22.6242
103.801
113.879
239.04
216.247
244.796
254.743
237.101
201.996
144.47
126.864
285.948
83.6606
247.928
237.88
142.129
208.495
307.376
354.069
10.0833
359.051
346.362
331.374
291.042
297.045
9.87761
30.5266
296.291
275.423
266.606
130.768
161.561
221.783
148.5
103.3
203.633
254.743
180
294.448
303.683
329.04
278.129
246.797
135.01
351.871
291.806
224.99
0
281.31
270
270
278.129
315.01
44.9905
135.01
224.99
258.69
0
180
210.96
239.04
180
161.561
94.5732
94.1589
98.1295
95.4111
90
271.652
270.764
280.62
90
91.9745
91.4106
224.99
98.1295
90
198.439
270
294.448
306.864
315.01
282.53
286.392
309.807
307.871
315.01
296.567
281.31
255.962
180
0
51.5849
79.3803
98.79
101.497
110.229
135.01
113.203
96.7654
108.95
135.01
142.529
159.098
187.305
143.136
190.008
14.0378
67.1051
89.0124
206.149
242.545
234.253
90
52.3787
56.3168
65.4937
313.643
292.787
37.8706
46.5835
319.761
249.838
121.448
104.536
267.274
273.012
267.71
254.743
257.151
241.441
125.763
109.937
310.032
333.433
262.876
251.962
162.252
154.382
212
66.2465
89.5757
140.44
264.353
264.306
233.344
180.629
112.676
101.041
272.873
276.657
276.797
122
129.807
283.242
119.743
112.131
156.246
261.159
135.01
135.01
304.688
319.761
300.96
323.136
333.433
188.129
281.31
315.01
224.99
206.567
270
270
281.31
341.561
341.561
270
224.99
270
0
258.69
224.99
135.01
258.69
153.433
97.4307
95.9798
97.6954
90
86.4684
272.121
270.575
295.563
15.9479
89.7431
91.9364
135.01
65.5523
36.8637
296.567
180
315.01
296.567
270
270
294.448
315.01
288.439
288.439
18.4387
285.948
265.602
180
0
49.7607
30.9601
106.48
114.609
135.01
146.599
120.171
110.327
128.99
152.591
150.526
155.429
167.151
146.317
113.203
66.1573
79.439
124.789
218.342
259.862
285.103
69.5461
60.4239
55.0443
59.7853
318.461
298.229
33.9228
61.6992
276.449
259.216
96.842
91.7354
268.452
315.01
273.99
257.195
274.635
292.787
80.2178
90.7741
355.237
299.576
290.437
294.278
249.223
111.934
49.4631
11.3102
57.2707
263.661
297.735
303.771
334.651
4.42622
15.9206
13.8089
303.982
279.175
272.862
161.561
82.9724
0
301.5
102.381
121.5
261.385
224.99
198.439
113.203
329.04
325.015
341.561
295.02
251.561
111.806
296.567
300.96
0
270
288.439
296.567
315.01
315.01
296.567
288.439
0
0
270
270
90
270
135.01
100.175
96.7091
93.3658
91.1015
94.6734
265.803
269.21
298.301
315.01
91.3702
90.7993
52.1294
71.5613
114.448
281.31
348.69
0
258.69
233.136
265.602
293.203
305.53
288.439
324.47
30.9601
284.038
280.008
0
0
69.4396
341.561
80.3115
108.89
137.152
139.232
123.05
110.777
103.673
119.743
142.436
149.746
149.385
123.105
95.0417
86.7609
94.8983
131.641
236.732
249.04
320.711
65.9206
69.0978
65.7053
56.7748
333.433
315.01
17.5636
56.5668
266.72
256.053
112.092
104.861
236.317
203.754
241.699
255.031
229.664
239.746
183.447
117.301
153.851
230.631
208.61
281.726
287.805
68.846
57.8341
358.364
35.8305
325.791
304.039
267.673
250.801
186.666
171.635
181.576
229.721
259.2
273.327
351.574
66.7972
42.2825
270.444
115.824
119.622
251.561
303.683
260.538
130.239
143.136
347.004
315.01
299.054
323.753
315.01
165.962
326.317
329.04
315.01
315.01
296.567
288.439
0
288.439
296.567
315.01
0
278.129
296.567
71.5613
278.129
315.01
104.536
99.7434
98.79
99.6596
99.9636
263.661
267.138
220.239
215.53
93.9252
93.0659
115.02
239.04
108.439
224.99
243.433
215.53
253.298
246.797
251.561
270
300.96
281.31
293.203
0
266.187
273.366
0
180
107.529
60.2571
47.2816
86.8208
129.289
125.127
118.393
111.545
92.9103
38.2868
308.658
175.602
142.129
118.908
106.766
100.222
98.1295
180
256.327
262.569
62.1022
70.2879
87.358
95.2804
82.1474
319.08
329.04
11.7687
348.69
273.323
265.26
139.165
123.544
180
208.54
209.979
249.162
228.745
198.439
187.431
105.992
145.312
236.317
122.342
288.974
319.999
53.4335
70.9209
15.0204
0
351.871
293.591
275.153
289.684
342.092
292.562
236.031
251.955
271.377
271.926
232.129
109.541
177.798
249.197
126.463
107.106
153.433
260.538
264.806
180
143.753
126.864
331.699
329.04
311.828
296.567
30.9601
90
284.038
293.203
288.439
288.439
315.01
341.561
315.01
296.567
288.439
0
281.31
296.567
44.9905
281.31
288.439
113.203
98.4706
97.0571
101.854
98.5686
267.274
269.796
244.98
224.99
103.871
111.806
125.863
26.5671
8.12948
213.683
209.054
224.99
294.448
291.042
278.129
341.561
315.01
278.129
276.339
243.433
254.052
261.871
0
180
123.683
106.931
81.8705
98.1295
124.985
114.627
115.204
107.704
93.0769
54.8732
292.072
249.44
144.17
122.769
116.315
110.947
169.825
206.567
202.728
207.257
102.908
90.8812
104.217
110.023
113.899
191.31
26.5671
18.4387
284.038
271.948
266.895
159.563
108.439
145.211
223.787
186.632
247.459
250.32
88.6031
38.2075
78.0233
131.996
285.02
53.9219
268.781
351.871
63.739
105.645
111.166
28.3008
292.624
278.746
277.993
284.659
35.5972
341.902
318.808
293.678
264.129
256.524
197.748
135.01
191.822
261.305
75.9622
84.4733
39.289
282.265
315.01
306.864
71.5613
148
135.01
21.0419
316.677
315.01
341.561
296.567
224.99
258.69
296.567
315.01
341.561
315.01
288.439
288.439
296.567
315.01
288.439
296.567
315.01
288.439
315.01
90
90.603
90
116.116
107.052
263.577
274.398
319.57
331.699
129.093
116.142
107.596
101.31
246.797
255.962
270
30.9601
315.01
288.439
324.47
351.871
315.01
280.305
285.257
270
275.194
315.01
0
180
102.095
99.462
103.242
161.561
83.6606
90
98.9722
94.8072
86.2489
57.345
291.452
271.909
150.946
115.501
112.016
106.702
208.61
244.98
194.383
186.169
133.787
110.954
101.977
88.6471
88.7549
135.01
180
187.431
220.032
255.962
256.736
126.864
86.3262
112.171
229.328
192.694
233.872
288.439
25.9092
141.343
98.2852
36.4626
54.4696
119.054
249.771
85.7643
74.0521
187.431
107.024
218.657
197.482
165.57
220.295
317.942
62.898
301.289
274.455
257.589
253.917
254.052
337.376
52.1294
347.949
288.097
115.824
111.687
135.01
257.004
206.567
201.806
191.31
206.567
138.569
129.289
341.561
318.086
304.209
276.339
329.04
315.01
296.567
288.439
0
288.439
296.567
315.01
296.567
288.439
315.01
315.01
296.567
270
18.4387
333.433
92.4891
96.0951
135.01
100.872
261.293
270.448
285.948
281.31
161.561
95.1447
95.4273
135.01
180
333.433
348.69
315.01
230.711
251.561
326.317
315.01
278.129
272.726
285.257
291.806
281.31
251.561
180
180
118.301
111.042
126.112
138.808
97.4307
101.31
101.726
90
82.4323
57.2065
286.052
271.397
185.194
99.904
93.0122
89.4931
254.355
271.312
7.30503
289.803
126.078
106.824
107.179
87.9403
90
193.394
173.661
212.466
232.6
253.399
254.569
114.118
94.0135
215.53
239.975
209.844
277.124
254.474
209.218
121.472
74.685
319.08
205.644
212.592
186.929
152.384
183.179
168.395
135.433
240.433
214.283
156.405
153.016
133.714
81.9836
248.438
253.549
263.202
268.107
267.437
57.5345
70.9383
336.497
282.367
130.92
119.537
104.038
325.627
289.658
171.871
180
90
0
157.376
135.01
329.04
310.92
320.193
305.53
270
288.439
296.567
315.01
315.01
296.567
288.439
270
270
44.9905
341.561
284.038
251.561
90
296.567
93.6208
94.8983
90
89.2153
267.166
268.168
258.69
263.158
224.99
106.47
112.769
131.942
142.129
149.04
270
284.038
266.634
161.561
243.433
251.561
261.871
270
276.339
288.439
270
236.317
180
180
118.073
110.859
117.183
117.351
111.042
121.755
97.3516
90
94.4601
109.803
266.082
275.194
356.187
70.6369
69.5628
80.961
245.768
274.938
6.33939
273.532
139.761
108.619
111.088
104.861
123.683
170.538
108.439
278.129
254.052
255.748
255.8
109.541
101.217
216.02
295.753
313.836
224.99
245.453
221.16
101.149
74.9294
281.31
231.198
225.42
188.563
167.667
183.1
171.549
170.297
216.946
244.936
129.102
113.723
101.651
202.936
212.295
197.76
226.351
271.196
275.012
132.519
110.099
197.596
268.048
332.649
94.6347
98.6151
116.567
279.866
296.567
161.561
144.47
185.194
251.561
127.564
135.01
344.743
320.193
308.658
288.439
251.561
0
315.01
251.561
224.99
288.439
296.567
296.567
44.9905
224.99
263.661
288.439
90
251.561
90
89.4745
81.2543
91.7354
262.807
269.053
274.763
270
232.129
126.112
112.953
109.382
142.129
183.366
174.806
180
282.996
0
303.683
248.958
206.567
246.797
258.69
243.433
273.813
290.56
0
0
74.0521
78.6898
65.7684
55.9612
42.6231
36.247
89.0908
98.5302
111.375
136.001
232.6
293.879
10.561
50.6308
65.6552
122.19
221.768
210.96
350.538
293.556
263.158
109.562
98.6303
95.9637
99.2106
84.2902
188.972
188.129
243.665
257.975
257.442
103.816
94.398
128.657
260.538
246.58
205.605
249.262
256.786
86.1866
169.509
213.862
202.465
221.883
210.732
177.437
181.488
175.907
175.589
181.588
214.039
113.843
114.867
148.938
204.46
210.134
176.864
181.805
233.68
267.781
18.89
151.261
183.317
215.683
270
108.439
105.257
147.534
242.649
288.439
270
191.31
135.01
18.4387
243.433
146.696
136.188
243.433
309.428
321.585
334.98
300.96
224.99
315.01
315.01
0
329.04
315.01
315.01
243.433
251.561
315.01
90
224.99
92.4891
95.3885
111.806
99.5442
255.826
266.934
261.871
262.569
329.04
68.6249
105.645
114.183
132.346
296.567
251.561
127.871
224.99
246.797
224.99
256.606
224.99
210.96
281.31
281.31
257.004
251.561
180
0
51.5849
59.0399
49.1799
46.5835
29.0536
352.876
96.9522
116.032
130.123
134.207
108.439
355.463
21.1657
25.148
3.99021
255.139
224.99
130.393
58.3971
302
321.915
52.845
66.5368
72.1947
81.8705
140.711
226.583
196.61
235.361
252.769
265.08
74.2889
113.294
177.368
171.871
239.257
201.806
188.277
186.55
149.14
198.68
213.45
187.326
197.133
235.273
234.17
210.066
224.99
199.294
133.836
152.292
131.061
151.966
179.698
191.263
229.347
182.726
189.211
217.266
159.673
68.1941
271.273
293.203
66.7972
302.19
296.567
102.772
76.7003
353.419
316.728
294.448
270
116.567
171.871
278.129
5.19363
140.193
146.567
116.567
329.385
318.569
285.257
180
108.439
315.01
0
315.01
288.439
296.567
288.439
296.567
270
198.439
180
98.3923
101.083
122.899
103.497
254.952
266.634
268.025
262.569
113.203
108.439
123.191
118.163
116.918
146.317
281.31
56.3168
315.01
251.561
212.466
244.98
276.339
224.99
234.47
258.69
266.634
265.602
0
180
74.3554
61.3899
46.6287
56.895
71.5613
345.962
101.31
146.048
142.219
125.231
100.739
53.4335
43.9722
23.2988
325.627
294.659
271.375
112.755
123.255
247.131
34.4317
49.2928
44.1283
45.7329
53.5374
209.406
209.665
219.265
206.456
193.551
185.58
171.396
178.562
176.038
173.7
214.853
205.644
174.267
184.38
173.823
194.038
234.47
119.356
132.519
265.315
266.187
219.807
206.116
186.842
138.939
109.474
75.2805
316.097
278.471
107.382
180
204.594
210.96
268.531
132.283
166.476
250.197
0
348.69
270
251.561
118.886
106.093
150.946
262.406
240.946
243.433
168.69
83.6606
15.2573
326.317
266.634
135.01
123.683
90
323.332
324.873
326.775
315.01
203.203
191.31
206.567
243.433
270
281.31
296.567
281.31
251.561
198.439
96.3394
97.045
105.754
98.1295
258.69
267.215
274.398
276.339
108.439
71.5613
74.7427
118.142
124.688
140.04
143.136
105.948
239.04
239.04
288.439
265.602
232.129
213.683
233.136
224.99
293.203
332.102
0
0
78.6898
83.2909
90
142.129
167.47
177.71
197.357
171.385
121.26
110.663
107.547
111.806
117.537
151.771
225.906
272.254
284.705
90
129.884
203.843
90
84.8553
65.1541
40.2393
238.605
220.43
198.025
204.959
209.499
184.691
180
179.537
177.724
172.406
179.479
206.479
205.633
98.7457
251.184
68.9581
32.8991
303.281
278.129
136.583
202.624
253.608
297.647
307.871
78.6898
180
83.9123
87.9469
263.661
277.835
170.363
189.727
188.426
170.134
213.952
66.0336
41.8282
119.054
192.653
209.218
201.042
244.176
105.754
115.563
147.387
268.452
310.92
315.01
348.69
119.054
180
194.038
278.129
0
135.01
143.136
112.624
336.797
319.009
306.864
315.01
18.4387
296.567
270
270
270
270
281.31
315.01
333.433
83.6606
85.2929
81.8705
90.7251
263.797
267.979
272.489
276.339
35.5304
66.0336
4.39796
156.157
135.01
132.301
123.497
119.054
251.561
239.04
233.136
258.69
276.339
288.439
276.339
284.038
180
224.99
180
0
50.948
69.5628
105.257
190.008
193.572
191.822
189.246
129.807
95.5985
105.464
115.738
136.782
157.09
169.418
178.959
213.91
239.368
205.824
112.755
122.466
125.782
171.489
181.758
181.312
189.416
208.6
206.508
197.214
221.041
119.743
59.6237
321.172
57.1009
136.462
209.054
239.829
152.968
133.307
229.862
87.6472
87.9304
289.363
291.43
210.647
174.429
186.952
244.651
274.398
36.0203
0
97.305
128.355
193.922
262.786
273.742
251.561
239.04
164.355
161.561
104.302
59.0399
248.424
206.149
185.527
135.01
295.02
77.0044
92.7258
82.35
347.004
289.235
44.9905
281.31
224.99
111.806
18.4387
9.46199
305.53
263.661
139.761
137.952
138.172
303.36
305.53
311.996
44.9905
330.946
305.53
270
270
288.439
296.567
315.01
341.561
80.096
77.9046
70.6369
90.9092
262.876
266.761
255.962
255.962
95.1936
101.977
203.203
266.634
136.425
132.672
133.149
142.129
198.439
229.394
207.647
168.69
305.53
257.004
209.054
236.317
231.343
227.282
180
0
35.1268
35.265
329.934
259.992
229.08
229.761
135.01
104.038
112.016
114.448
128.415
144.979
156.518
161.977
168.93
203.203
229.632
315.01
101.822
212.334
194.832
196.81
194.446
181.411
188.399
202.385
226.859
276.339
174.29
139.394
125.53
135.01
37.8706
350.05
295.668
224.99
276.842
115.563
174.806
157.869
158.194
162.027
327.943
308.548
355.237
154.98
209.054
213.683
90
24.4477
180
150.21
171.597
210.615
226.702
161.561
270
341.561
71.5613
122.793
139.285
264.401
317.194
26.5671
78.6898
300.96
174.806
112.114
113.966
175.102
250.765
180
233.136
329.04
48.8078
224.99
185.194
224.99
307.871
353.661
135.01
141.117
143.136
318.004
315.01
306.864
191.31
243.433
288.439
296.567
315.01
296.567
288.439
0
82.2671
74.8569
58.2453
100.305
259.592
265.365
255.464
253.298
84.2902
76.6063
245.552
206.567
224.99
134.016
136.51
153.66
160.862
156.034
251.561
90
224.99
248.958
315.01
232.436
202.253
212.19
180
180
117.475
148.397
217.229
236.317
265.602
261.871
143.136
131.641
116.567
118.301
136.267
129.56
117.475
117.257
161.561
224.99
356.634
4.76287
270
260.645
244.7
221.242
210.486
180.591
223.417
198.439
22.7553
295.148
265.602
120.96
147.101
154.651
122.599
207.475
250.111
44.9905
287.106
94.7629
176.988
60.9464
19.4441
31.7547
188.129
263.912
315.01
352.406
285.464
224.99
113.203
178.452
234.47
132.406
172.876
218.364
203.203
183.012
148
47.8538
355.816
333.433
129.473
77.7346
342.821
308.085
68.1941
341.561
255.962
120.066
121.214
84.4015
346.184
310.715
315.01
71.5613
173.661
206.567
153.433
153.433
224.99
180
300.96
139.761
129.508
126.112
316.326
315.01
312.146
315.01
333.433
315.01
315.01
281.31
270
0
84.4015
76.4283
348.69
111.042
260.538
266.634
267.879
277.124
87.5109
93.0122
266.988
243.433
248.194
102.996
138.496
159.523
154.117
158.092
177.09
179.334
182.4
183.122
182.632
182.121
158.958
75.2545
0
180
188.615
181.684
181.636
174.806
195.948
217.141
178.668
146.696
104.536
97.7645
96.3394
92.5633
87.2214
62.4462
340.013
38.6575
228.569
192.172
198.439
304.688
302.909
299.169
299.319
174.29
259.287
75.2545
61.6992
268.265
270
119.054
186.339
168.111
152.986
186.808
194.383
165.962
209.743
152.353
180
90.7072
80.538
251.237
201.341
212.401
149.537
251.561
273.813
288.439
115.349
187.124
231.713
135.01
217.871
263.661
44.9905
288.439
113.203
117.759
180
246.797
154.651
100.784
14.0378
284.038
59.0399
341.561
279.637
91.3319
94.1439
91.1932
0
271.397
224.99
168.69
239.04
44.9905
333.433
210.96
191.31
161.561
135.01
303.683
128.657
135.01
146.982
311.828
327.432
330.257
308.658
288.439
270
258.69
315.01
341.561
90
84.2902
318.172
210.96
256.262
265.315
265.602
265.602
118.301
128.287
234.47
255.962
341.561
44.9905
224.99
176.634
147.432
161.779
176.225
179.128
178.485
186.274
181.206
139.155
94.3153
42.8064
0
180
230.711
208.81
159.901
149.537
191.977
223.371
178.364
106.392
89.0908
88.6681
84.5605
104.623
108.439
109.402
345.962
348.69
258.31
222.325
175.031
130.368
302.672
318.843
330.296
321.455
10.0974
11.822
279.462
242.926
270
44.9905
341.561
15.7536
5.70978
342.296
23.2028
270
180
146.317
149.04
136.253
164.399
209.874
238.54
228.569
113.203
159.771
265.427
270
127.871
191.31
251.561
135.01
192.996
239.04
44.9905
285.257
224.99
153.433
172.236
200.56
183.012
119.576
160.51
244.228
75.9622
296.567
280.008
69.6192
87.2742
119.648
154.852
283.738
319.232
0
336.797
135.01
206.567
341.561
0
348.69
44.9905
243.433
224.99
129.56
135.01
140.527
317.854
322.821
317.784
296.567
243.433
281.31
0
243.433
100.145
97.744
341.561
283.394
261.871
263.661
258.69
263.661
66.7972
79.9922
276.339
281.31
56.3168
329.04
278.129
258.69
270
94.398
170.538
180
166.758
213.683
142.129
91.3636
88.5501
78.6898
180
180
207.898
213.225
135.01
140.44
198.439
232.6
177.879
107.052
102.34
119.054
123.989
127.141
105.868
123.864
176.907
197.787
208.886
222.861
158.698
114.183
250.611
314.449
327.22
327.99
348.571
312.283
268.831
22.5249
3.96395
351.502
14.5362
16.6099
333.12
313.034
351.254
330.526
0
299.054
69.4396
34.5012
32.2702
318.569
271.169
293.203
58.7856
18.8286
315.783
305.83
39.289
356.187
334.98
6.33939
348.69
344.743
36.8637
338.958
292.624
44.9905
39.289
299.054
108.439
108.439
135.01
219.807
115.02
212
261.385
94.7629
107.748
112.838
83.4545
348.69
283.572
0
270
251.561
135.01
153.433
135.01
315.01
270
251.561
288.439
135.01
135.01
144.253
150.752
315.01
316.164
316.239
322.129
276.339
180
288.439
110.229
113.633
126.247
278.746
272.121
267.109
272.726
293.203
75.9622
82.8757
296.567
336.797
44.9905
333.433
292.385
305.53
0
135.01
212.466
198.439
116.567
270
120.96
91.9975
89.661
315.01
0
180
182.862
192.265
146.895
163.608
190.713
222.519
188.129
116.567
127.141
142.311
113.203
79.439
81.3849
168.31
196.167
195.854
186.115
191.31
30.9601
159.053
210.025
76.3717
2.61283
322.843
313.426
292.533
310.295
33.105
21.1985
327.81
35.1733
329.04
245.262
158.958
344.743
308.658
275.194
350.538
43.1609
48.0044
190.008
218.99
230.44
0
93.6208
98.3923
284.351
285.526
84.8064
44.9905
257.004
82.8757
356.634
300.96
92.7258
243.433
258.023
78.6898
59.0399
262.876
135.01
65.2214
24.2782
307.564
186.339
199.803
221.431
148
112.016
101.31
110.141
183.012
250.903
224.99
258.69
329.04
333.433
135.01
101.31
243.433
236.317
180
0
296.567
180
161.561
147.387
149.04
154.98
324.047
315.01
309.289
351.871
8.12948
116.567
111.417
108.782
278.129
277.352
275.826
286.702
261.871
127.871
95.7098
288.439
341.561
63.4329
315.01
278.972
284.038
18.4387
270
243.433
135.01
90
0
44.9905
82.5133
86.4243
233.136
180
180
145.015
171.871
154.98
182.489
186.339
198.439
170.538
118.495
116.567
112.936
92.2307
79.1596
191.31
212.839
210.96
270
61.9272
189.462
188.297
189.605
50.711
51.9569
251.962
227.021
299.395
343.085
339.678
327.187
279.866
135.01
53.2823
315.01
290.03
52.4364
354.611
323.537
350.91
19.9206
16.8614
349.216
336.034
338.698
8.32506
348.996
54.4696
142.129
212.466
278.392
3.81339
5.19363
345.962
23.2028
9.46199
320.711
18.4387
352.406
345.734
4.0849
5.19363
352.999
358.153
55.0681
24.2316
302.729
334.176
342.894
331.39
338.194
83.6606
84.4015
124.209
73.7371
344.355
308.795
198.439
116.567
300.96
288.439
149.04
215.53
224.99
108.439
71.5613
300.96
288.439
270
140.193
144.47
137.328
137.854
312.346
321.713
327.271
276.339
185.194
106.147
106.392
156.034
275.28
277.523
286.931
306.247
28.3008
73.2978
278.129
224.99
113.203
224.99
261.028
270
44.9905
294.448
315.01
23.2028
63.4329
0
59.0399
72.1563
79.0771
224.99
180
0
96.3394
187.124
172.569
188.129
176.187
185.194
114.448
92.4891
98.1295
93.0935
129.143
148.453
193.121
201.934
91.2186
317.481
202.838
210.96
81.8705
29.2181
82.6743
131.164
235.471
278.583
46.0187
2.51475
331.063
336.358
348.206
342.643
4.39796
17.5289
336.396
343.608
324.47
276.115
53.1363
15.2573
296.567
210.96
21.2549
348.69
28.4954
352.477
332.986
351.254
290.56
6.842
12.0954
3.0659
357.374
357.109
1.16889
1.57622
355.915
8.70685
359.012
347.644
4.30373
2.43616
353.797
33.4795
12.5296
315.01
337.829
348.69
327.345
312.283
86.6342
113.203
151.39
98.6151
210.96
266.988
0
81.8705
258.69
288.439
288.439
270
341.561
44.9905
135.01
224.99
255.962
315.01
14.0378
63.4329
141.846
139.481
140.193
313.371
320.078
313.161
298.301
114.627
117.898
132.623
270
278.129
271.735
251.561
30.9601
85.602
261.871
251.561
135.01
215.53
249.44
224.99
90
303.683
338.194
353.661
44.9905
18.4387
72.5219
70.1489
62.5245
243.433
180
0
336.797
273.813
191.31
170.538
111.806
36.8637
47.5936
38.4151
64.6507
77.1703
20.6633
2.20216
354.473
14.6227
165.464
203.536
185.314
52.9494
37.4
335.952
155.552
149.04
327.81
14.1376
62.4556
184.398
3.17923
352.634
340.004
326.831
348.956
30.2228
329.802
306.58
281.909
240.257
125.53
175.856
224.135
172.972
155.768
193.572
140.331
166.865
265.602
332.591
285.645
77.0044
37.5234
319.897
233.753
188.972
169.992
167.47
195.526
177.798
182.353
195.948
165.577
160.342
202.385
80.538
331.699
250.903
210.066
195.257
229.394
242.649
120.96
135.01
113.203
124.985
144.934
310.82
324.47
315.01
224.99
0
255.962
90
0
315.01
224.99
213.683
224.99
44.9905
224.99
206.567
120.96
135.01
144.28
148.575
319.761
324.47
328.397
0
117.898
116.836
288.439
291.166
294.721
0
135.01
101.31
258.69
270
135.01
246.797
254.052
180
120.96
224.99
18.4387
315.01
0
56.3168
81.4515
77.8806
7.12426
270
0
180
18.4387
338.745
342.471
344.743
55.3122
57.9997
63.4329
50.193
36.247
56.428
35.6157
358.247
342.42
303.172
240.257
238.5
55.8302
53.3036
84.8064
234.934
208.301
120.254
96.9336
175.972
182.697
155.952
107.775
170.595
215.953
277.863
350.728
25.4871
292.714
309.323
333.126
348.481
343.91
288.064
217.4
16.9306
334.98
224.99
144.958
173.321
150.526
194.745
248.666
94.2046
103.738
243.968
221.828
198.023
177.918
180.481
180.955
187.561
181.061
173.531
160.637
163.39
183.012
141.117
191.31
233.827
206.567
187.431
196.392
232.6
116.567
91.2728
66.4973
21.0419
81.6749
5.19363
274.707
281.31
315.01
224.99
243.433
71.5613
0
270
270
288.439
18.4387
44.9905
276.339
270
104.038
215.53
156.246
133.836
136.901
343.069
328.453
313.761
100.008
115.02
107.024
289.416
293.633
337.376
338.958
56.3168
270
288.439
18.4387
288.439
270
198.439
113.203
210.96
125.53
258.69
251.561
75.9622
86.9158
87.8257
296.567
303.683
0
180
98.1295
19.8031
339.141
329.934
8.74565
224.99
124.688
73.2978
38.4401
47.5936
79.3461
208.113
219.854
228.359
305.304
5.70978
73.6077
142.501
203.013
203.304
175.463
137.675
133.812
199.608
211.486
142.906
134.35
204.659
217.643
206.078
147.314
226.901
324.873
350.357
341.499
348.086
336.339
336.379
12.3863
350.017
309.163
287.245
44.9905
359.326
338.194
200.229
265.915
77.2156
74.5365
351.592
325.433
300.781
354.806
335.552
293.203
255.962
33.6832
64.6507
86.6342
157.615
194.038
118.686
180
268.919
276.339
248.194
80.538
0
7.12426
90
93.2391
270
120.376
175.602
251.561
341.561
288.439
300.96
23.2028
341.561
198.439
224.99
270
341.561
18.4387
0
288.439
303.683
198.439
194.038
26.5671
127.871
138.725
130.82
315.01
316.213
322.129
106.116
129.034
233.537
260.64
277.124
275.194
135.01
315.01
0
0
274.398
263.661
224.99
113.203
234.47
127.871
198.439
224.99
76.3273
82.3603
87.581
234.47
264.806
0
0
86.3484
78.6898
328
270
147.534
0
37.7711
56.156
34.7485
32.1904
187.633
207.898
181.548
21.5059
347.275
289.138
216.196
173.812
176.711
274.085
95.4395
112.385
106.263
154.98
266.359
117.257
108.305
221.996
270
255.377
86.3093
37.9794
19.5408
13.3937
296.734
315.01
327.896
343.54
19.658
338.609
315.695
339.134
33.0495
351.871
283.08
12.9956
38.5142
59.2534
55.677
37.2292
260.838
275.826
356.497
321.585
319.394
320.193
135.01
117.898
120.254
180
288.439
82.9995
56.3168
271.219
278.746
278.972
98.1295
78.6898
326.317
94.8983
130.368
154.98
121.755
63.9221
349.38
298.301
243.433
270
161.561
210.96
224.99
198.439
224.99
0
224.99
224.99
206.567
251.561
276.339
71.5613
78.6898
293.203
142.6
131.641
133.5
344.743
306.341
315.01
127.087
221.996
255.341
243.433
246.797
315.01
71.5613
44.9905
270
259.992
259.992
224.99
101.31
296.567
63.4329
206.567
224.99
70.7653
67.0416
63.6744
321.342
300.96
0
0
77.4704
103.572
191.31
272.91
50.4398
47.3769
36.1633
58.9066
201.806
207.898
209.911
104.351
39.5969
333.433
228.607
212.087
242.903
49.2316
43.2897
303.191
79.6952
47.8538
48.6455
23.6335
292.016
60.6436
89.5819
197.596
189.246
241.927
132.239
97.0372
68.7776
290.7
273.105
278.569
315.01
341.561
81.9782
312.088
314.535
332.667
356.01
335.355
297.568
359.409
338.958
119.474
136.629
207.31
214.485
199.183
224.99
259.216
224.99
270
341.561
57.5345
79.6952
44.9905
13.5717
35.7818
34.2797
332.849
307.609
282.996
83.6606
98.9722
44.9905
71.5613
105.257
101.31
104.745
97.1243
212
264.429
243.433
251.561
26.5671
296.567
251.561
0
0
0
251.561
243.433
224.99
341.561
315.01
315.01
111.806
270
288.439
135.01
137.194
145.312
258.69
324.218
348.69
258.69
249.771
214.985
142.129
18.4387
315.01
180
215.53
253.608
258.69
135.01
66.7972
8.12948
288.439
224.99
180
79.1435
72.7153
48.5694
306.864
341.561
0
180
160.013
147.345
126.02
315.01
32.1904
71.1842
127.4
155.79
195.464
257.151
316.097
66.1303
69.4747
272.602
245.469
159.619
358.603
54.5903
116.567
246.797
59.7772
14.9334
72.1615
59.848
298.017
11.4542
69.352
319.394
315.01
240.352
131.234
85.6339
48.4609
265.031
286.753
303.334
342.346
332.743
85.0616
186.709
261.21
299.496
345.19
343.591
343.019
352.418
335.391
5.61677
23.6746
349.811
346.594
343.795
328.881
306.341
337.376
341.561
8.97217
19.8031
38.2868
96.7091
129.56
130.606
66.7972
340.459
288.918
295.563
44.9905
84.8064
94.398
66.7972
55.7203
33.4332
329.04
136.326
129.807
323.849
307.72
135.01
71.5613
263.661
224.99
0
0
0
270
258.69
198.439
116.567
315.01
291.806
135.01
144.47
251.561
224.99
144.47
145.627
133.704
36.8637
306.112
294.079
287.304
270
111.375
68.1941
294.448
243.433
224.99
255.962
254.052
153.433
99.462
180
244.98
198.439
68.1941
86.3625
88.3638
180
189.462
135.01
0
180
135.01
63.4329
65.7684
293.203
94.398
126.378
166.503
82.695
31.9616
357.248
339.223
59.3036
133.551
243.215
277.198
48.7087
23.6335
182.489
185.754
133.272
70.5256
15.3237
19.3272
61.1898
275.863
19.6162
55.6501
340.684
309.807
293.931
51.6742
64.3135
260.883
201.806
226.019
253.608
315.01
0
41.4306
242.281
248.081
223.5
141.523
31.3118
6.83023
344.132
322.217
357.386
28.3727
357.789
333.884
317.377
303.141
298.664
345.577
339.619
357.511
35.5304
348.69
167.47
161.561
146.011
106.308
212.12
264.806
284.745
218.657
168.69
116.567
66.0336
79.3803
110.229
247.162
123.683
91.3319
288.439
274.304
329.04
203.203
213.683
0
0
0
0
270
261.871
224.99
123.683
135.01
288.439
315.01
161.561
213.683
315.01
15.2573
93.8134
120.321
130.715
302.466
328.097
298.705
276.339
103.242
84.8064
296.567
306.864
278.129
262.876
261.871
161.561
135.01
153.433
282.996
296.567
68.4941
79.6952
82.285
323.136
263.661
161.561
180
0
53.5904
29.9794
34.2085
237.931
174.56
143.233
67.1051
48.9518
37.4875
325.312
259.951
209.743
154.581
227.761
293.338
18.4387
200.859
213.85
88.9951
65.7903
82.9108
66.4436
6.61267
279.13
233.011
85.3653
52.7212
331.285
322.634
338.4
46.2884
74.6476
248.536
215.387
193.093
211.369
135.01
76.2624
14.6227
287.245
266.634
241.858
105.645
83.7589
94.82
239.607
265.53
3.81339
67.4315
259.287
270.669
277.458
276.72
278.129
348.69
308.287
325.312
26.5671
296.567
294.448
44.9905
94.8983
118.739
190.62
242.77
236.317
228.808
168.69
103.394
88.4522
118.739
185.194
180
71.5613
127.499
155.221
280.886
306.864
315.01
348.69
315.01
0
0
224.99
243.433
261.871
288.439
108.439
171.871
180
341.561
306.864
258.69
120.96
135.01
53.1363
43.2458
21.5059
329.04
232.129
293.754
300.215
32.0003
100.008
300.96
315.01
288.439
270
279.462
341.561
135.01
111.806
270
285.257
65.2622
65.6488
68.1941
243.433
261.871
26.5671
0
0
19.5964
122.466
204.149
254.743
196.392
81.1741
71.5613
80.4878
95.9053
245.133
250.242
278.746
51.6699
359.17
274.685
233.709
195.167
72.8444
40.0906
29.1558
100.175
132.749
151.012
260.028
315.665
64.5552
50.2326
328.397
304.741
290.327
106.192
185.063
239.537
249.652
193.497
162.296
155.552
107.45
124.688
267.317
273.366
272.579
84.7384
86.3023
212.237
239.679
224.99
109.987
102.062
228.409
261.871
294.38
297.746
299.18
294.448
266.634
348.69
338.958
288.439
264.806
224.99
88.6031
100.62
220.606
247.105
277.431
327.534
330.946
87.2742
92.6021
186.339
41.8282
33.4332
347.735
198.439
77.5492
343.069
287.991
0
315.01
315.01
270
198.439
206.567
224.99
270
341.561
288.439
224.99
116.567
108.439
281.31
296.567
135.01
180
72.4042
52.3238
352.569
304.985
244.98
330.257
300.254
306.247
88.3638
44.9905
315.01
288.439
284.038
315.01
341.561
0
315.01
189.462
135.01
77.2279
73.9651
61.2607
224.99
275.194
180
180
0
246.205
195.398
166.184
298.073
14.351
54.3006
93.6907
115.909
153.176
246.157
288.804
14.4458
21.0419
304.555
262.876
258.07
46.8196
44.3459
31.6352
318.359
197.529
172.525
141.372
119.29
3.25133
60.2302
66.7972
302.087
266.424
232.436
140.273
177.398
267.71
273.813
248.494
150.071
125.21
98.3433
156.246
250.129
262.876
275.559
77.7836
81.7199
253.692
246.605
195.398
101.514
105.645
250.598
280.84
307.014
287.451
280.287
256.606
263.661
59.0399
255.962
243.433
315.01
348.69
66.0336
41.2341
344.743
309.024
315.01
334.98
290.56
93.0122
88.7814
333.433
76.217
77.0044
257.619
173.661
112.838
181.169
260.167
303.683
251.561
296.567
270
224.99
198.439
224.99
315.01
0
300.96
326.317
56.3168
191.31
216.864
270
336.797
353.661
78.6898
75.2545
337.105
308.658
312.519
212.466
255.067
289.49
44.9905
86.9878
309.289
284.933
290.56
353.661
341.561
9.46199
315.01
294.448
102.996
110.023
118.179
133.787
135.01
237.81
196.702
180
180
260.036
260.395
82.8757
61.0916
52.6
80.3115
161.561
164.014
153.433
194.239
277.764
122
177.398
265.237
287.68
327.534
48.92
33.3341
306.696
238.177
236.101
202.437
112.156
99.3167
65.9519
87.7978
107.529
249.771
270.521
273.652
95.3885
77.0044
300.576
273.31
252.643
144.097
98.3923
81.6749
282.53
256.606
254.3
271.591
87.3027
107.51
246.305
249.591
175.856
125.345
129.669
262.876
303.049
277.523
267.858
268.265
277.124
296.567
213.683
221.431
180
29.0536
8.12948
71.0496
80.0364
339.673
297.963
315.01
345.962
320.193
55.8927
76.8263
15.2573
129.289
171.327
201.506
90
135.01
95.3885
334.98
309.052
315.01
258.69
281.31
329.04
333.433
315.01
224.99
198.439
224.99
251.561
191.31
213.683
224.99
149.04
180
180
88.9055
84.8064
326.317
308.658
312.406
307.298
276.072
263.158
263.661
101.31
243.433
278.746
280.305
66.7972
4.39796
329.04
315.01
300.066
63.4329
133.761
131.828
137.784
149.799
233.136
208.855
180
180
273.179
352.569
30.5072
53.8877
111.806
147.534
229.534
152.649
84.858
47.7175
266.285
188.673
162.436
132.623
307.621
326.963
76.5559
57.853
303.073
279.605
252.156
204.833
92.6892
89.4054
155.803
149.777
135.01
194.454
257.399
293.591
36.4626
83.9284
261.871
275.194
275.44
144.47
104.678
86.3262
293.203
267.274
260.189
265.602
94.398
138.758
239.884
251.143
198.439
131.431
127.179
132.806
268.603
273.136
267.92
267.084
243.433
270
272.726
288.439
108.439
170.538
150.257
73.2978
61.0163
7.43069
298.393
294.308
356.187
336.797
41.6411
44.9905
296.567
230.193
71.5613
42.7184
324.47
90
87.6632
296.567
270
236.317
224.99
44.9905
261.871
213.683
191.31
198.439
44.9905
315.01
258.69
243.433
44.9905
315.01
315.01
161.561
71.5613
86.5113
88.1286
281.31
294.448
299.406
287.382
274.304
250.556
243.433
135.01
164.052
266.634
274.085
90
98.1295
262.876
216.864
243.433
224.99
60.9464
99.3232
133.761
154.549
180.579
125.53
0
0
33.6832
61.9272
47.1936
252.976
162.027
138.496
321.793
35.7202
46.9006
317.428
248.561
206.567
144.735
127.979
206.567
294.932
78.261
75.9622
278.615
273.447
292.421
343.41
76.0421
76.7583
276.952
135.01
153.809
170.863
231.172
2.29015
12.0312
337.376
240.257
263.766
272.726
307.871
90.6584
86.8208
292.936
273.742
271.292
251.561
99.6373
178.959
245.851
255.158
245.552
105.805
116.567
124.943
187.305
261.973
268.348
270
264.806
231.343
253.608
288.439
341.561
246.797
177.879
87.0717
63.9086
266.468
235.627
249.223
261.871
180
103.242
126.247
239.04
251.561
69.4396
40.2393
285.526
90
130.43
160.999
282.53
311.315
14.0378
351.871
262.876
180
315.01
224.99
104.038
296.567
315.01
336.797
0
288.439
0
353.661
48.0044
68.9118
74.3181
270
296.567
257.004
250.415
247.676
288.439
293.203
135.01
97.4307
288.439
294.448
288.439
173.661
213.683
220.606
212.466
194.038
102.725
83.6606
120.96
151.699
115.855
84.8064
0
0
1.97453
63.4329
201.806
227.061
126.668
82.5693
46.9328
66.7972
105.711
230.907
223.529
170.538
104.239
132.848
137.377
9.78216
59.0399
111.806
241.485
302.899
334.68
358.821
52.2452
57.904
344.636
327.101
223.371
154.98
185.477
97.1243
22.3845
276.169
231.985
246.97
292.385
358.025
51.2439
82.1175
255.962
275.194
297.855
330.463
75.4093
241.99
253.661
264.686
319.761
75.9622
127.689
107.357
79.3803
273.68
269.02
270
292.385
266.988
237.534
135.01
0
274.763
270
94.1506
137.402
225.591
203.556
208.855
246.797
224.99
152.353
152.817
146.317
326.317
118.301
164.536
221.641
152.102
140.711
78.4074
350.134
289.294
44.9905
254.743
275.194
26.5671
335.552
299.054
113.203
203.203
180
0
261.871
198.439
101.31
239.04
74.6476
68.5997
51.2054
315.01
315.01
259.992
251.977
231.793
124.688
273.813
270
115.713
213.683
290.56
267.879
209.054
209.054
245.552
44.9905
326.317
94.398
107.024
194.745
65.9206
67.4921
52.7708
180
180
203.203
145.015
237.101
212.963
91.3745
77.1053
93.1444
110.97
204.642
227.218
214.308
71.5613
84.0947
115.349
105.711
109.541
144.76
188.267
54.8732
10.1754
328
27.7193
53.4541
19.5408
257.47
237.231
275.012
75.9622
168.69
106.246
144.47
252.471
242.353
300.066
359.145
3.8998
28.8858
100.222
229.311
271.101
305.763
320.04
31.4252
262.795
255.424
259.778
36.8637
28.3008
239.04
98.2261
80.4174
276.527
270.412
268.781
246.034
261.871
296.567
44.9905
258.69
270
356.988
95.9917
175.504
250.606
192.53
109.803
32.4655
337.615
298.301
96.3394
99.1619
246.797
168.69
138.004
315.01
18.4387
98.1295
107.991
171.871
261.675
241.699
208.301
90
180
212.466
251.561
315.01
224.99
161.561
149.04
251.561
135.01
153.433
224.99
88.0523
86.9522
111.042
206.567
270
264.543
263.737
266.187
84.8064
302.466
306.463
120.96
119.054
278.129
280.62
315.01
326.317
315.01
270
180
79.6952
90
214.688
88.3943
78.5357
349.825
0
180
182.002
172.717
230.711
140.193
97.7645
115.1
107.596
150.804
229.811
285.257
22.6981
24.2782
95.1936
79.6952
96.3394
158.698
181.146
99.6885
63.2873
22.4613
301.686
50.3759
77.8185
246.157
229.948
188.864
178.781
229.897
174.806
111.725
171.194
241.699
263.992
51.7132
47.2816
337.615
227.854
180
204.908
262.876
285.645
300.674
323.434
266.01
252.678
249.771
72.3465
6.842
267.437
103.956
116.567
259.228
266.715
267.925
261.028
265.602
288.439
135.01
0
347.735
10.3048
114.232
182.231
253.41
250.197
143.888
138.685
180
11.3102
14.6227
24.4477
296.567
299.054
64.023
27.1228
320.711
59.0399
138.808
95.355
329.04
302.361
44.9905
90
240.946
224.99
135.01
233.136
224.99
161.561
135.01
258.69
44.9905
258.69
38.6575
81.0648
85.7213
123.683
135.01
232.357
253.828
258.857
288.439
224.99
90
304.985
282.996
122.466
180
295.563
323.753
329.04
315.01
300.96
30.9601
83.158
92.2902
353.661
78.8569
82.8235
333.433
0
180
173.02
159.838
208.142
85.4268
90.7072
99.462
114.721
186.842
310.92
16.7022
356.634
300.463
37.8706
98.1295
181.081
162.894
53.4335
60.726
93.3658
149.04
306.864
43.0562
110.041
224.99
222.146
161.561
161.561
214.179
163.608
125.626
183.366
211.755
185.905
136.782
99.462
291.806
256.758
212
138.808
40.2393
282.32
297.898
311.737
278.325
282.095
330.644
55.3122
344.98
275.101
102.301
108.142
275.262
278.169
275.748
270
293.203
296.567
0
49.5703
10.8404
322.859
153.433
132.283
273.652
272.121
126.247
113.556
127.4
91.6362
50.193
312.519
296.567
281.31
112.385
156.157
216.378
175.602
104.038
93.8134
232.129
273.742
336.797
243.433
270
333.433
251.561
239.04
270
0
90
0
315.01
261.871
60.7524
70.9149
74.1216
26.5671
209.054
241.061
246.713
245.552
108.439
276.339
105.948
270
279.689
173.661
122.466
333.433
321.713
319.394
302.466
330.946
354.806
83.6606
94.7629
54.2182
65.8752
73.0694
224.99
180
0
38.7946
18.4387
22.0723
60.0206
69.1747
73.4714
74.2464
7.12426
60.2571
56.0106
296.567
309.289
341.561
218.015
190.84
97.5607
75.5775
138.808
166.058
157.805
117.475
117.759
215.426
229.246
220.43
146.465
166.121
225.733
149.268
129.7
188.914
201.118
152.474
100.376
64.2099
333.822
288.117
271.005
104.038
81.8705
277.124
260.218
278.972
278.797
297.182
344.98
60.5257
340.765
283.394
82.1651
85.0505
321.549
286.908
279.991
284.038
251.561
239.04
44.9905
104.423
131.641
265.102
18.4387
29.0536
309.989
340.556
16.3923
0.881219
345.255
102.53
143.622
213.683
200.56
188.129
167.47
169.38
167.47
90
90
128.154
145.791
299.406
309.686
258.69
161.561
315.01
284.038
341.561
296.567
224.99
135.01
135.01
236.317
224.99
74.195
71.7924
76.8649
165.962
257.004
261.028
256.738
239.624
135.01
270
63.4329
44.9905
288.439
285.645
108.439
92.7258
323.136
305.53
292.385
0
329.04
68.1941
92.4891
78.0233
70.7833
61.5046
236.317
0
0
49.5101
6.842
27.8978
102.095
101.041
84.1312
41.7373
345.255
111.576
89.1932
338.194
322.6
267.581
238.397
104.536
84.2521
136.188
199.339
187.214
131.973
118.81
184.315
226.555
237.958
243.433
105.02
175.427
227.152
127.298
127.758
195.948
189.605
102.601
71.7924
49.8052
332.683
304.441
317.139
34.6038
48.6455
278.746
273.652
212.466
267.381
260.538
209.576
105.692
32.8991
284.638
67.4991
66.9702
9.61943
284.85
277.618
292.895
273.813
44.9905
243.433
167.275
146.317
173.661
63.8507
47.0008
311.339
19.5408
33.0176
331.505
309.884
298.073
175.237
190.008
135.01
213.683
210.96
46.7017
8.00409
323.136
135.01
140.711
83.0197
353.661
282.919
279.462
44.9905
351.871
291.806
251.561
251.561
270
135.01
116.567
248.194
90
85.1017
84.5004
92.2902
149.04
227.717
258.261
261.529
246.797
243.433
186.339
147.534
155.552
270
286.56
125.53
109.294
224.99
280.491
281.31
0
333.433
57.5345
66.0336
87.2303
88.238
116.567
135.01
0
0
37.8706
213.683
215.066
157.007
87.6145
63.6079
11.8892
264.29
120.376
91.9745
36.4626
265.157
244.73
292.072
55.7461
115.977
147.271
265.816
7.43069
68.7679
135.681
178.265
222.283
291.979
359.256
350.218
266.187
228.172
148
148.54
183.652
124.985
84.5605
75.0029
53.5374
324.873
329.577
330.644
350.34
36.0203
269.599
249.44
192.53
254.98
256.078
214.789
113.203
106.507
275.477
71.2548
67.8928
14.1474
285.149
286.495
316.555
305.53
63.4329
277.124
257.47
101.889
73.884
63.1021
62.0373
292.447
67.4751
106.192
240.397
246.367
263.661
221.192
149.04
100.491
270
18.4387
93.3103
147.534
263.531
0
0
114.448
169.695
261.529
318.172
18.4387
236.317
251.561
293.203
26.5671
315.01
0
63.4329
291.806
52.8591
74.812
82.0113
102.996
125.53
241.587
247.579
248.716
180
270
258.69
96.3394
108.439
18.4387
299.929
304.373
97.305
116.567
282.265
293.203
315.01
236.317
115.02
67.162
72.6688
79.5086
44.9905
71.5613
180
180
222.283
213.191
206.36
101.497
71.5613
55.5889
302.12
259.624
133.099
105.02
190.008
232.182
241.145
16.3923
182.602
115.618
75.6169
28.4259
14.5822
344.405
209.474
152.525
75.3773
9.37173
349.114
308.99
279.566
258.69
182.862
142.28
120.576
88.2646
82.7865
90
120.96
199.658
312.623
270.451
246.627
187.815
246.293
229.311
180
233.011
256.826
234.934
95.5267
93.9175
265.54
82.0651
77.5386
293.754
269.024
279.617
299.388
288.73
224.99
284.038
311.641
74.3554
88.4522
67.9013
50.193
297.647
23.2028
66.5912
285.257
254.576
247.829
345.962
33.105
44.9905
66.7972
11.3102
140.492
163.977
224.99
319.08
258.69
141.585
100.008
336.567
300.96
224.99
180
351.871
279.462
116.567
270
258.69
149.04
270
66.2933
63.6027
60.8037
63.4329
116.567
255.845
251.354
228.808
0
261.871
315.01
71.5613
90
98.1295
272.489
273.366
124.985
115.02
294.448
295.563
308.658
282.996
135.01
81.1587
68.3396
59.9338
135.01
135.01
0
180
233.537
229.129
105.257
72.9986
81.1587
74.7427
298.495
276.225
164.743
149.195
193.936
257.195
317.037
225.828
143.537
78.6898
70.5844
67.9843
20.5604
282.53
277.252
151.39
118.01
136.037
224.99
266.082
277.633
288.439
309.56
62.3532
52.9953
34.1073
95.1224
123.003
156.034
146.553
201.472
236.317
222.283
213.268
243.567
240.257
162.976
223.704
253.44
220.43
84.4357
62.1022
271.153
87.581
88.6364
248.102
253.665
244.744
229.328
256.93
309.807
11.3102
19.658
8.47058
67.1992
85.463
72.266
304.518
334.589
57.2217
290.348
270.498
230.44
68.9581
36.247
331.39
44.9905
216.864
224.99
91.1689
99.462
251.561
216.864
198.439
96.5812
180
261.136
243.433
59.0399
258.69
245.552
180
194.038
224.99
180
98.1295
81.6219
75.1716
48.1718
224.99
209.054
249.223
257.427
44.9905
303.683
296.567
26.5671
336.797
90
135.01
3.81339
315.01
300.066
121.425
174.806
244.98
291.806
282.53
18.4387
82.35
79.8041
78.6898
161.561
120.96
180
180
240.612
307.871
48.5694
79.5923
93.5929
84.5004
302.466
282.939
240.175
183.257
125.935
95.1936
241.114
238.139
63.944
85.602
96.0324
85.9151
3.57568
277.882
262.074
211.671
160.053
161.775
170.248
202.624
276.008
302.613
339.44
54.8732
47.8069
347.195
107.406
139.285
149.21
140.44
189.272
254.657
288.439
266.187
258.562
248.871
163.808
226.357
255.772
125.53
83.6084
33.6832
285.645
80.0225
86.3922
252.755
251.889
240.834
200.663
217.499
255.962
191.31
82.5693
13.3937
81.0278
106.392
98.8293
278.914
299.743
97.2743
255.309
263.321
304.985
98.6151
135.01
221.828
146.317
305.53
315.01
118.739
132.963
284.038
315.01
315.01
126.696
137.854
302.587
318.004
165.962
234.47
0
309.807
288.439
44.9905
341.561
47.5936
77.1777
82.4061
224.99
205.02
234.627
243.598
254.474
336.797
245.552
198.439
111.806
255.962
180
149.04
63.9221
338.194
297.759
118.301
152.353
144.47
305.53
283.394
42.7184
73.2611
84.0202
185.194
99.462
135.01
180
180
174.036
59.4734
75.7611
91.7711
102.53
110.902
230.711
265.118
246.797
108.439
89.0124
208.142
236.317
51.0103
82.1854
107.908
109.363
111.129
159.859
256.456
258.69
251.026
200.437
157.475
148.694
156.797
219.289
272.726
354.095
82.4769
103.842
324.47
336.797
123.989
148.786
146.048
155.552
231.549
210.674
235.259
248.251
232.033
183.093
205.869
253.986
83.4188
82.2261
26.0779
304.951
62.417
69.0459
262.569
256.466
250.58
198.439
165.962
220.92
165.962
109.183
181.548
121.369
97.305
107.483
215.304
217.871
127.024
267.71
283.326
291.506
111.806
167.004
180
112.385
315.01
281.31
98.1295
95.7098
99.462
267.274
258.69
119.054
80.3627
340.862
279.888
186.339
90
71.5613
277.124
326.317
66.7972
270
65.9519
69.3486
79.6242
205.02
224.99
255.845
252.118
222.283
240.257
243.433
239.04
135.01
198.439
251.561
116.567
75.6981
2.41903
296.744
310.032
105.257
98.9722
248.194
250.013
72.8941
69.2495
72.9764
116.567
86.1866
236.317
180
0
90
90
90
90
90
90
90
270
270
90
90
270
90
90
90
90
90
90
90
270
270
270
270
90
90
90
270
0
90
90
90
90
270
90
90
90
90
270
270
270
270
270
270
270
270
90
90
90
270
90
90
270
270
270
270
90
270
90
90
270
90
90
90
270
270
90
270
270
270
270
270
90
90
0
270
90
90
90
270
270
90
90
270
270
90
90
0
270
270
90
270
90
90
90
270
270
270
270
270
270
270
270
90
90
270
90
90
90
270
270
90
90
270
270
90
90
90
90
90
270
0
